   4.9609375e-01   2.3437500e-01   5.5078125e-01
   6.6406250e-02   6.4453125e-01   4.7265625e-01
   2.2265625e-01   4.1015625e-01   6.7187500e-01
   9.4531250e-01   7.1484375e-01   3.9062500e-03
   9.0234375e-01   2.4609375e-01   4.5312500e-01
   5.0000000e-01   7.2656250e-01   3.5156250e-01
   8.9843750e-01   5.1171875e-01   6.2500000e-02
   0.0000000e+00   5.2343750e-01   5.8203125e-01
   8.0859375e-01   1.0937500e-01   5.6250000e-01
   9.7265625e-01   4.8046875e-01   4.4531250e-01
   2.9296875e-01   2.9296875e-01   5.5859375e-01
   6.4453125e-01   6.6406250e-01   5.9765625e-01
