   3.7109375e-01   2.7343750e-01   5.6250000e-01
   1.1328125e-01   4.1015625e-01   5.8593750e-01
   2.1875000e-01   6.4843750e-01   6.4453125e-01
   5.8593750e-02   5.1953125e-01   3.2812500e-01
   4.4921875e-01   6.8359375e-01   2.8125000e-01
   9.2578125e-01   6.7578125e-01   3.1250000e-02
   8.7890625e-01   4.8437500e-01   1.9531250e-02
   7.9687500e-01   3.1250000e-01   2.4218750e-01
   5.7812500e-01   2.0312500e-01   4.2968750e-01
   4.3359375e-01   2.5000000e-01   4.3750000e-01
   5.9765625e-01   3.0468750e-01   5.8203125e-01
   3.9843750e-01   3.9843750e-01   3.9843750e-01
