   3.9843750e-01   7.6953125e-01   7.9687500e-01
   9.6093750e-01   8.0859375e-01   4.4140625e-01
   9.6875000e-01   6.0937500e-01   4.5312500e-01
   8.5937500e-01   6.8750000e-01   9.4531250e-01
   5.2734375e-01   7.6953125e-01   3.7109375e-01
   6.1718750e-01   7.2265625e-01   9.4921875e-01
   9.9218750e-01   5.3125000e-01   6.9140625e-01
   7.8515625e-01   8.5546875e-01   4.5312500e-01
   5.4296875e-01   8.7500000e-01   6.4062500e-01
   7.0312500e-01   5.8984375e-01   9.0234375e-01
   8.2421875e-01   7.0312500e-01   5.1562500e-01
   6.9921875e-01   6.9921875e-01   6.9921875e-01
