   5.3125000e-01   7.9687500e-01   9.2968750e-01
   7.9687500e-01   3.9843750e-01   4.6484375e-01
   8.6328125e-01   7.9687500e-01   4.6484375e-01
   6.6406250e-02   4.6484375e-01   1.9921875e-01
   1.9921875e-01   1.3281250e-01   5.3125000e-01
   6.6406250e-01   2.6562500e-01   5.9765625e-01
   2.6562500e-01   6.6406250e-01   5.9765625e-01
   5.9765625e-01   5.9765625e-01   1.9921875e-01
   5.3125000e-01   1.3281250e-01   3.3203125e-01
   3.9843750e-01   6.6406250e-02   0.0000000e+00
   3.9843750e-01   5.9765625e-01   7.9687500e-01
   5.3125000e-01   5.3125000e-01   5.3125000e-01
