   8.9453125e-01   5.2343750e-01   2.3437500e-02
   3.6328125e-01   4.1015625e-01   6.9140625e-01
   3.2031250e-01   7.3437500e-01   6.3671875e-01
   5.9765625e-01   7.8515625e-01   2.6953125e-01
   7.9687500e-01   3.7890625e-01   6.8750000e-01
   1.4062500e-01   4.7265625e-01   4.2187500e-01
   8.5156250e-01   6.4453125e-01   1.0546875e-01
   1.8359375e-01   5.3906250e-01   7.6562500e-01
   4.6093750e-01   3.0468750e-01   6.2109375e-01
   9.2578125e-01   3.9062500e-01   3.5156250e-01
   7.9687500e-01   2.2656250e-01   5.5468750e-01
   6.4453125e-01   6.6406250e-01   5.9765625e-01
