   9.8046875e-01	   8.9843750e-01	   7.6953125e-01	
   9.7991728e-01	   8.9439338e-01	   7.6539522e-01	
   9.7936581e-01	   8.9034926e-01	   7.6125919e-01	
   9.7881434e-01	   8.8630515e-01	   7.5712316e-01	
   9.7826287e-01	   8.8226103e-01	   7.5298713e-01	
   9.7771140e-01	   8.7821691e-01	   7.4885110e-01	
   9.7715993e-01	   8.7417279e-01	   7.4471507e-01	
   9.7660846e-01	   8.7012868e-01	   7.4057904e-01	
   9.7605699e-01	   8.6608456e-01	   7.3644301e-01	
   9.7550551e-01	   8.6204044e-01	   7.3230699e-01	
   9.7495404e-01	   8.5799632e-01	   7.2817096e-01	
   9.7440257e-01	   8.5395221e-01	   7.2403493e-01	
   9.7385110e-01	   8.4990809e-01	   7.1989890e-01	
   9.7329963e-01	   8.4586397e-01	   7.1576287e-01	
   9.7274816e-01	   8.4181985e-01	   7.1162684e-01	
   9.7219669e-01	   8.3777574e-01	   7.0749081e-01	
   9.7164522e-01	   8.3373162e-01	   7.0335478e-01	
   9.7109375e-01	   8.2968750e-01	   6.9921875e-01	
   9.7054228e-01	   8.2564338e-01	   6.9508272e-01	
   9.6999081e-01	   8.2159926e-01	   6.9094669e-01	
   9.6943934e-01	   8.1755515e-01	   6.8681066e-01	
   9.6888787e-01	   8.1351103e-01	   6.8267463e-01	
   9.6833640e-01	   8.0946691e-01	   6.7853860e-01	
   9.6778493e-01	   8.0542279e-01	   6.7440257e-01	
   9.6723346e-01	   8.0137868e-01	   6.7026654e-01	
   9.6668199e-01	   7.9733456e-01	   6.6613051e-01	
   9.6613051e-01	   7.9329044e-01	   6.6199449e-01	
   9.6557904e-01	   7.8924632e-01	   6.5785846e-01	
   9.6502757e-01	   7.8520221e-01	   6.5372243e-01	
   9.6447610e-01	   7.8115809e-01	   6.4958640e-01	
   9.6392463e-01	   7.7711397e-01	   6.4545037e-01	
   9.6337316e-01	   7.7306985e-01	   6.4131434e-01	
   9.6282169e-01	   7.6902574e-01	   6.3717831e-01	
   9.6227022e-01	   7.6498162e-01	   6.3304228e-01	
   9.6171875e-01	   7.6093750e-01	   6.2890625e-01	
   9.6116728e-01	   7.5689338e-01	   6.2477022e-01	
   9.6061581e-01	   7.5284926e-01	   6.2063419e-01	
   9.6006434e-01	   7.4880515e-01	   6.1649816e-01	
   9.5951287e-01	   7.4476103e-01	   6.1236213e-01	
   9.5896140e-01	   7.4071691e-01	   6.0822610e-01	
   9.5840993e-01	   7.3667279e-01	   6.0409007e-01	
   9.5785846e-01	   7.3262868e-01	   5.9995404e-01	
   9.5730699e-01	   7.2858456e-01	   5.9581801e-01	
   9.5670956e-01	   7.2435662e-01	   5.9273897e-01	
   9.5606618e-01	   7.1994485e-01	   5.9071691e-01	
   9.5542279e-01	   7.1553309e-01	   5.8869485e-01	
   9.5477941e-01	   7.1112132e-01	   5.8667279e-01	
   9.5413603e-01	   7.0670956e-01	   5.8465074e-01	
   9.5349265e-01	   7.0229779e-01	   5.8262868e-01	
   9.5284926e-01	   6.9788603e-01	   5.8060662e-01	
   9.5220588e-01	   6.9347426e-01	   5.7858456e-01	
   9.5156250e-01	   6.8906250e-01	   5.7656250e-01	
   9.5091912e-01	   6.8465074e-01	   5.7454044e-01	
   9.5027574e-01	   6.8023897e-01	   5.7251838e-01	
   9.4963235e-01	   6.7582721e-01	   5.7049632e-01	
   9.4898897e-01	   6.7141544e-01	   5.6847426e-01	
   9.4834559e-01	   6.6700368e-01	   5.6645221e-01	
   9.4770221e-01	   6.6259191e-01	   5.6443015e-01	
   9.4705882e-01	   6.5818015e-01	   5.6240809e-01	
   9.4641544e-01	   6.5376838e-01	   5.6038603e-01	
   9.4577206e-01	   6.4935662e-01	   5.5836397e-01	
   9.4512868e-01	   6.4494485e-01	   5.5634191e-01	
   9.4448529e-01	   6.4053309e-01	   5.5431985e-01	
   9.4384191e-01	   6.3612132e-01	   5.5229779e-01	
   9.4319853e-01	   6.3170956e-01	   5.5027574e-01	
   9.4255515e-01	   6.2729779e-01	   5.4825368e-01	
   9.4191176e-01	   6.2288603e-01	   5.4623162e-01	
   9.4126838e-01	   6.1847426e-01	   5.4420956e-01	
   9.4062500e-01	   6.1406250e-01	   5.4218750e-01	
   9.3998162e-01	   6.0965074e-01	   5.4016544e-01	
   9.3933824e-01	   6.0523897e-01	   5.3814338e-01	
   9.3869485e-01	   6.0082721e-01	   5.3612132e-01	
   9.3805147e-01	   5.9641544e-01	   5.3409926e-01	
   9.3740809e-01	   5.9200368e-01	   5.3207721e-01	
   9.3676471e-01	   5.8759191e-01	   5.3005515e-01	
   9.3612132e-01	   5.8318015e-01	   5.2803309e-01	
   9.3547794e-01	   5.7876838e-01	   5.2601103e-01	
   9.3483456e-01	   5.7435662e-01	   5.2398897e-01	
   9.3419118e-01	   5.6994485e-01	   5.2196691e-01	
   9.3354779e-01	   5.6553309e-01	   5.1994485e-01	
   9.3290441e-01	   5.6112132e-01	   5.1792279e-01	
   9.3226103e-01	   5.5670956e-01	   5.1590074e-01	
   9.3161765e-01	   5.5229779e-01	   5.1387868e-01	
   9.3097426e-01	   5.4788603e-01	   5.1185662e-01	
   9.3033088e-01	   5.4347426e-01	   5.0983456e-01	
   9.2968750e-01	   5.3906250e-01	   5.0781250e-01	
   9.2803309e-01	   5.3676471e-01	   5.0670956e-01	
   9.2637868e-01	   5.3446691e-01	   5.0560662e-01	
   9.2472426e-01	   5.3216912e-01	   5.0450368e-01	
   9.2306985e-01	   5.2987132e-01	   5.0340074e-01	
   9.2141544e-01	   5.2757353e-01	   5.0229779e-01	
   9.1976103e-01	   5.2527574e-01	   5.0119485e-01	
   9.1810662e-01	   5.2297794e-01	   5.0009191e-01	
   9.1645221e-01	   5.2068015e-01	   4.9898897e-01	
   9.1479779e-01	   5.1838235e-01	   4.9788603e-01	
   9.1314338e-01	   5.1608456e-01	   4.9678309e-01	
   9.1148897e-01	   5.1378676e-01	   4.9568015e-01	
   9.0983456e-01	   5.1148897e-01	   4.9457721e-01	
   9.0818015e-01	   5.0919118e-01	   4.9347426e-01	
   9.0652574e-01	   5.0689338e-01	   4.9237132e-01	
   9.0487132e-01	   5.0459559e-01	   4.9126838e-01	
   9.0321691e-01	   5.0229779e-01	   4.9016544e-01	
   9.0156250e-01	   5.0000000e-01	   4.8906250e-01	
   8.9990809e-01	   4.9770221e-01	   4.8795956e-01	
   8.9825368e-01	   4.9540441e-01	   4.8685662e-01	
   8.9659926e-01	   4.9310662e-01	   4.8575368e-01	
   8.9494485e-01	   4.9080882e-01	   4.8465074e-01	
   8.9329044e-01	   4.8851103e-01	   4.8354779e-01	
   8.9163603e-01	   4.8621324e-01	   4.8244485e-01	
   8.8998162e-01	   4.8391544e-01	   4.8134191e-01	
   8.8832721e-01	   4.8161765e-01	   4.8023897e-01	
   8.8667279e-01	   4.7931985e-01	   4.7913603e-01	
   8.8501838e-01	   4.7702206e-01	   4.7803309e-01	
   8.8336397e-01	   4.7472426e-01	   4.7693015e-01	
   8.8170956e-01	   4.7242647e-01	   4.7582721e-01	
   8.8005515e-01	   4.7012868e-01	   4.7472426e-01	
   8.7840074e-01	   4.6783088e-01	   4.7362132e-01	
   8.7674632e-01	   4.6553309e-01	   4.7251838e-01	
   8.7509191e-01	   4.6323529e-01	   4.7141544e-01	
   8.7343750e-01	   4.6093750e-01	   4.7031250e-01	
   8.7178309e-01	   4.5863971e-01	   4.6920956e-01	
   8.7012868e-01	   4.5634191e-01	   4.6810662e-01	
   8.6847426e-01	   4.5404412e-01	   4.6700368e-01	
   8.6681985e-01	   4.5174632e-01	   4.6590074e-01	
   8.6516544e-01	   4.4944853e-01	   4.6479779e-01	
   8.6351103e-01	   4.4715074e-01	   4.6369485e-01	
   8.6185662e-01	   4.4485294e-01	   4.6259191e-01	
   8.6020221e-01	   4.4255515e-01	   4.6148897e-01	
   8.5845588e-01	   4.4025735e-01	   4.6047794e-01	
   8.5661765e-01	   4.3795956e-01	   4.5955882e-01	
   8.5477941e-01	   4.3566176e-01	   4.5863971e-01	
   8.5294118e-01	   4.3336397e-01	   4.5772059e-01	
   8.5110294e-01	   4.3106618e-01	   4.5680147e-01	
   8.4926471e-01	   4.2876838e-01	   4.5588235e-01	
   8.4742647e-01	   4.2647059e-01	   4.5496324e-01	
   8.4558824e-01	   4.2417279e-01	   4.5404412e-01	
   8.4375000e-01	   4.2187500e-01	   4.5312500e-01	
   8.4191176e-01	   4.1957721e-01	   4.5220588e-01	
   8.4007353e-01	   4.1727941e-01	   4.5128676e-01	
   8.3823529e-01	   4.1498162e-01	   4.5036765e-01	
   8.3639706e-01	   4.1268382e-01	   4.4944853e-01	
   8.3455882e-01	   4.1038603e-01	   4.4852941e-01	
   8.3272059e-01	   4.0808824e-01	   4.4761029e-01	
   8.3088235e-01	   4.0579044e-01	   4.4669118e-01	
   8.2904412e-01	   4.0349265e-01	   4.4577206e-01	
   8.2720588e-01	   4.0119485e-01	   4.4485294e-01	
   8.2536765e-01	   3.9889706e-01	   4.4393382e-01	
   8.2352941e-01	   3.9659926e-01	   4.4301471e-01	
   8.2169118e-01	   3.9430147e-01	   4.4209559e-01	
   8.1985294e-01	   3.9200368e-01	   4.4117647e-01	
   8.1801471e-01	   3.8970588e-01	   4.4025735e-01	
   8.1617647e-01	   3.8740809e-01	   4.3933824e-01	
   8.1433824e-01	   3.8511029e-01	   4.3841912e-01	
   8.1250000e-01	   3.8281250e-01	   4.3750000e-01	
   8.1066176e-01	   3.8051471e-01	   4.3658088e-01	
   8.0882353e-01	   3.7821691e-01	   4.3566176e-01	
   8.0698529e-01	   3.7591912e-01	   4.3474265e-01	
   8.0514706e-01	   3.7362132e-01	   4.3382353e-01	
   8.0330882e-01	   3.7132353e-01	   4.3290441e-01	
   8.0147059e-01	   3.6902574e-01	   4.3198529e-01	
   7.9963235e-01	   3.6672794e-01	   4.3106618e-01	
   7.9779412e-01	   3.6443015e-01	   4.3014706e-01	
   7.9595588e-01	   3.6213235e-01	   4.2922794e-01	
   7.9411765e-01	   3.5983456e-01	   4.2830882e-01	
   7.9227941e-01	   3.5753676e-01	   4.2738971e-01	
   7.9044118e-01	   3.5523897e-01	   4.2647059e-01	
   7.8860294e-01	   3.5294118e-01	   4.2555147e-01	
   7.8676471e-01	   3.5064338e-01	   4.2463235e-01	
   7.8492647e-01	   3.4834559e-01	   4.2371324e-01	
   7.8308824e-01	   3.4604779e-01	   4.2279412e-01	
   7.8125000e-01	   3.4375000e-01	   4.2187500e-01	
   7.7720588e-01	   3.4145221e-01	   4.2049632e-01	
   7.7316176e-01	   3.3915441e-01	   4.1911765e-01	
   7.6911765e-01	   3.3685662e-01	   4.1773897e-01	
   7.6507353e-01	   3.3455882e-01	   4.1636029e-01	
   7.6102941e-01	   3.3226103e-01	   4.1498162e-01	
   7.5698529e-01	   3.2996324e-01	   4.1360294e-01	
   7.5294118e-01	   3.2766544e-01	   4.1222426e-01	
   7.4889706e-01	   3.2536765e-01	   4.1084559e-01	
   7.4485294e-01	   3.2306985e-01	   4.0946691e-01	
   7.4080882e-01	   3.2077206e-01	   4.0808824e-01	
   7.3676471e-01	   3.1847426e-01	   4.0670956e-01	
   7.3272059e-01	   3.1617647e-01	   4.0533088e-01	
   7.2867647e-01	   3.1387868e-01	   4.0395221e-01	
   7.2463235e-01	   3.1158088e-01	   4.0257353e-01	
   7.2058824e-01	   3.0928309e-01	   4.0119485e-01	
   7.1654412e-01	   3.0698529e-01	   3.9981618e-01	
   7.1250000e-01	   3.0468750e-01	   3.9843750e-01	
   7.0845588e-01	   3.0238971e-01	   3.9705882e-01	
   7.0441176e-01	   3.0009191e-01	   3.9568015e-01	
   7.0036765e-01	   2.9779412e-01	   3.9430147e-01	
   6.9632353e-01	   2.9549632e-01	   3.9292279e-01	
   6.9227941e-01	   2.9319853e-01	   3.9154412e-01	
   6.8823529e-01	   2.9090074e-01	   3.9016544e-01	
   6.8419118e-01	   2.8860294e-01	   3.8878676e-01	
   6.8014706e-01	   2.8630515e-01	   3.8740809e-01	
   6.7610294e-01	   2.8400735e-01	   3.8602941e-01	
   6.7205882e-01	   2.8170956e-01	   3.8465074e-01	
   6.6801471e-01	   2.7941176e-01	   3.8327206e-01	
   6.6397059e-01	   2.7711397e-01	   3.8189338e-01	
   6.5992647e-01	   2.7481618e-01	   3.8051471e-01	
   6.5588235e-01	   2.7251838e-01	   3.7913603e-01	
   6.5183824e-01	   2.7022059e-01	   3.7775735e-01	
   6.4779412e-01	   2.6792279e-01	   3.7637868e-01	
   6.4375000e-01	   2.6562500e-01	   3.7500000e-01	
   6.3970588e-01	   2.6332721e-01	   3.7362132e-01	
   6.3566176e-01	   2.6102941e-01	   3.7224265e-01	
   6.3161765e-01	   2.5873162e-01	   3.7086397e-01	
   6.2757353e-01	   2.5643382e-01	   3.6948529e-01	
   6.2352941e-01	   2.5413603e-01	   3.6810662e-01	
   6.1948529e-01	   2.5183824e-01	   3.6672794e-01	
   6.1544118e-01	   2.4954044e-01	   3.6534926e-01	
   6.1139706e-01	   2.4724265e-01	   3.6397059e-01	
   6.0735294e-01	   2.4503676e-01	   3.6240809e-01	
   6.0330882e-01	   2.4292279e-01	   3.6066176e-01	
   5.9926471e-01	   2.4080882e-01	   3.5891544e-01	
   5.9522059e-01	   2.3869485e-01	   3.5716912e-01	
   5.9117647e-01	   2.3658088e-01	   3.5542279e-01	
   5.8713235e-01	   2.3446691e-01	   3.5367647e-01	
   5.8308824e-01	   2.3235294e-01	   3.5193015e-01	
   5.7904412e-01	   2.3023897e-01	   3.5018382e-01	
   5.7500000e-01	   2.2812500e-01	   3.4843750e-01	
   5.7095588e-01	   2.2601103e-01	   3.4669118e-01	
   5.6691176e-01	   2.2389706e-01	   3.4494485e-01	
   5.6286765e-01	   2.2178309e-01	   3.4319853e-01	
   5.5882353e-01	   2.1966912e-01	   3.4145221e-01	
   5.5477941e-01	   2.1755515e-01	   3.3970588e-01	
   5.5073529e-01	   2.1544118e-01	   3.3795956e-01	
   5.4669118e-01	   2.1332721e-01	   3.3621324e-01	
   5.4264706e-01	   2.1121324e-01	   3.3446691e-01	
   5.3860294e-01	   2.0909926e-01	   3.3272059e-01	
   5.3455882e-01	   2.0698529e-01	   3.3097426e-01	
   5.3051471e-01	   2.0487132e-01	   3.2922794e-01	
   5.2647059e-01	   2.0275735e-01	   3.2748162e-01	
   5.2242647e-01	   2.0064338e-01	   3.2573529e-01	
   5.1838235e-01	   1.9852941e-01	   3.2398897e-01	
   5.1433824e-01	   1.9641544e-01	   3.2224265e-01	
   5.1029412e-01	   1.9430147e-01	   3.2049632e-01	
   5.0625000e-01	   1.9218750e-01	   3.1875000e-01	
   5.0220588e-01	   1.9007353e-01	   3.1700368e-01	
   4.9816176e-01	   1.8795956e-01	   3.1525735e-01	
   4.9411765e-01	   1.8584559e-01	   3.1351103e-01	
   4.9007353e-01	   1.8373162e-01	   3.1176471e-01	
   4.8602941e-01	   1.8161765e-01	   3.1001838e-01	
   4.8198529e-01	   1.7950368e-01	   3.0827206e-01	
   4.7794118e-01	   1.7738971e-01	   3.0652574e-01	
   4.7389706e-01	   1.7527574e-01	   3.0477941e-01	
   4.6985294e-01	   1.7316176e-01	   3.0303309e-01	
   4.6580882e-01	   1.7104779e-01	   3.0128676e-01	
   4.6176471e-01	   1.6893382e-01	   2.9954044e-01	
   4.5772059e-01	   1.6681985e-01	   2.9779412e-01	
   4.5367647e-01	   1.6470588e-01	   2.9604779e-01	
   4.4963235e-01	   1.6259191e-01	   2.9430147e-01	
   4.4558824e-01	   1.6047794e-01	   2.9255515e-01	
   4.4154412e-01	   1.5836397e-01	   2.9080882e-01	
   4.3750000e-01	   1.5625000e-01	   2.8906250e-01	
