   2.3828125e-01	   3.4765625e-01	   2.5390625e-01	
   2.4361213e-01	   3.5197610e-01	   2.5749081e-01	
   2.4894301e-01	   3.5629596e-01	   2.6107537e-01	
   2.5427390e-01	   3.6061581e-01	   2.6465993e-01	
   2.5960478e-01	   3.6493566e-01	   2.6824449e-01	
   2.6493566e-01	   3.6925551e-01	   2.7182904e-01	
   2.7026654e-01	   3.7357537e-01	   2.7541360e-01	
   2.7559743e-01	   3.7789522e-01	   2.7899816e-01	
   2.8092831e-01	   3.8221507e-01	   2.8258272e-01	
   2.8625919e-01	   3.8653493e-01	   2.8616728e-01	
   2.9159007e-01	   3.9085478e-01	   2.8975184e-01	
   2.9692096e-01	   3.9517463e-01	   2.9333640e-01	
   3.0225184e-01	   3.9949449e-01	   2.9692096e-01	
   3.0758272e-01	   4.0381434e-01	   3.0050551e-01	
   3.1291360e-01	   4.0813419e-01	   3.0409007e-01	
   3.1824449e-01	   4.1245404e-01	   3.0767463e-01	
   3.2357537e-01	   4.1677390e-01	   3.1125919e-01	
   3.2890625e-01	   4.2109375e-01	   3.1484375e-01	
   3.3423713e-01	   4.2541360e-01	   3.1842831e-01	
   3.3956801e-01	   4.2973346e-01	   3.2201287e-01	
   3.4489890e-01	   4.3405331e-01	   3.2559743e-01	
   3.5022978e-01	   4.3837316e-01	   3.2918199e-01	
   3.5556066e-01	   4.4269301e-01	   3.3276654e-01	
   3.6089154e-01	   4.4701287e-01	   3.3635110e-01	
   3.6622243e-01	   4.5133272e-01	   3.3993566e-01	
   3.7155331e-01	   4.5565257e-01	   3.4352022e-01	
   3.7688419e-01	   4.5997243e-01	   3.4710478e-01	
   3.8221507e-01	   4.6429228e-01	   3.5068934e-01	
   3.8754596e-01	   4.6861213e-01	   3.5427390e-01	
   3.9287684e-01	   4.7293199e-01	   3.5785846e-01	
   3.9820772e-01	   4.7725184e-01	   3.6144301e-01	
   4.0353860e-01	   4.8157169e-01	   3.6502757e-01	
   4.0886949e-01	   4.8589154e-01	   3.6861213e-01	
   4.1420037e-01	   4.9021140e-01	   3.7219669e-01	
   4.1953125e-01	   4.9453125e-01	   3.7578125e-01	
   4.2486213e-01	   4.9885110e-01	   3.7936581e-01	
   4.3019301e-01	   5.0317096e-01	   3.8295037e-01	
   4.3552390e-01	   5.0749081e-01	   3.8653493e-01	
   4.4085478e-01	   5.1181066e-01	   3.9011949e-01	
   4.4618566e-01	   5.1613051e-01	   3.9370404e-01	
   4.5151654e-01	   5.2045037e-01	   3.9728860e-01	
   4.5684743e-01	   5.2477022e-01	   4.0087316e-01	
   4.6217831e-01	   5.2909007e-01	   4.0445772e-01	
   4.6769301e-01	   5.3350184e-01	   4.0813419e-01	
   4.7339154e-01	   5.3800551e-01	   4.1190257e-01	
   4.7909007e-01	   5.4250919e-01	   4.1567096e-01	
   4.8478860e-01	   5.4701287e-01	   4.1943934e-01	
   4.9048713e-01	   5.5151654e-01	   4.2320772e-01	
   4.9618566e-01	   5.5602022e-01	   4.2697610e-01	
   5.0188419e-01	   5.6052390e-01	   4.3074449e-01	
   5.0758272e-01	   5.6502757e-01	   4.3451287e-01	
   5.1328125e-01	   5.6953125e-01	   4.3828125e-01	
   5.1897978e-01	   5.7403493e-01	   4.4204963e-01	
   5.2467831e-01	   5.7853860e-01	   4.4581801e-01	
   5.3037684e-01	   5.8304228e-01	   4.4958640e-01	
   5.3607537e-01	   5.8754596e-01	   4.5335478e-01	
   5.4177390e-01	   5.9204963e-01	   4.5712316e-01	
   5.4747243e-01	   5.9655331e-01	   4.6089154e-01	
   5.5317096e-01	   6.0105699e-01	   4.6465993e-01	
   5.5886949e-01	   6.0556066e-01	   4.6842831e-01	
   5.6456801e-01	   6.1006434e-01	   4.7219669e-01	
   5.7026654e-01	   6.1456801e-01	   4.7596507e-01	
   5.7596507e-01	   6.1907169e-01	   4.7973346e-01	
   5.8166360e-01	   6.2357537e-01	   4.8350184e-01	
   5.8736213e-01	   6.2807904e-01	   4.8727022e-01	
   5.9306066e-01	   6.3258272e-01	   4.9103860e-01	
   5.9875919e-01	   6.3708640e-01	   4.9480699e-01	
   6.0445772e-01	   6.4159007e-01	   4.9857537e-01	
   6.1015625e-01	   6.4609375e-01	   5.0234375e-01	
   6.1585478e-01	   6.5059743e-01	   5.0611213e-01	
   6.2155331e-01	   6.5510110e-01	   5.0988051e-01	
   6.2725184e-01	   6.5960478e-01	   5.1364890e-01	
   6.3295037e-01	   6.6410846e-01	   5.1741728e-01	
   6.3864890e-01	   6.6861213e-01	   5.2118566e-01	
   6.4434743e-01	   6.7311581e-01	   5.2495404e-01	
   6.5004596e-01	   6.7761949e-01	   5.2872243e-01	
   6.5574449e-01	   6.8212316e-01	   5.3249081e-01	
   6.6144301e-01	   6.8662684e-01	   5.3625919e-01	
   6.6714154e-01	   6.9113051e-01	   5.4002757e-01	
   6.7284007e-01	   6.9563419e-01	   5.4379596e-01	
   6.7853860e-01	   7.0013787e-01	   5.4756434e-01	
   6.8423713e-01	   7.0464154e-01	   5.5133272e-01	
   6.8993566e-01	   7.0914522e-01	   5.5510110e-01	
   6.9563419e-01	   7.1364890e-01	   5.5886949e-01	
   7.0133272e-01	   7.1815257e-01	   5.6263787e-01	
   7.0703125e-01	   7.2265625e-01	   5.6640625e-01	
   7.1300551e-01	   7.2743566e-01	   5.7045037e-01	
   7.1897978e-01	   7.3221507e-01	   5.7449449e-01	
   7.2495404e-01	   7.3699449e-01	   5.7853860e-01	
   7.3092831e-01	   7.4177390e-01	   5.8258272e-01	
   7.3690257e-01	   7.4655331e-01	   5.8662684e-01	
   7.4287684e-01	   7.5133272e-01	   5.9067096e-01	
   7.4885110e-01	   7.5611213e-01	   5.9471507e-01	
   7.5482537e-01	   7.6089154e-01	   5.9875919e-01	
   7.6079963e-01	   7.6567096e-01	   6.0280331e-01	
   7.6677390e-01	   7.7045037e-01	   6.0684743e-01	
   7.7274816e-01	   7.7522978e-01	   6.1089154e-01	
   7.7872243e-01	   7.8000919e-01	   6.1493566e-01	
   7.8469669e-01	   7.8478860e-01	   6.1897978e-01	
   7.9067096e-01	   7.8956801e-01	   6.2302390e-01	
   7.9664522e-01	   7.9434743e-01	   6.2706801e-01	
   8.0261949e-01	   7.9912684e-01	   6.3111213e-01	
   8.0859375e-01	   8.0390625e-01	   6.3515625e-01	
   8.1456801e-01	   8.0868566e-01	   6.3920037e-01	
   8.2054228e-01	   8.1346507e-01	   6.4324449e-01	
   8.2651654e-01	   8.1824449e-01	   6.4728860e-01	
   8.3249081e-01	   8.2302390e-01	   6.5133272e-01	
   8.3846507e-01	   8.2780331e-01	   6.5537684e-01	
   8.4443934e-01	   8.3258272e-01	   6.5942096e-01	
   8.5041360e-01	   8.3736213e-01	   6.6346507e-01	
   8.5638787e-01	   8.4214154e-01	   6.6750919e-01	
   8.6236213e-01	   8.4692096e-01	   6.7155331e-01	
   8.6833640e-01	   8.5170037e-01	   6.7559743e-01	
   8.7431066e-01	   8.5647978e-01	   6.7964154e-01	
   8.8028493e-01	   8.6125919e-01	   6.8368566e-01	
   8.8625919e-01	   8.6603860e-01	   6.8772978e-01	
   8.9223346e-01	   8.7081801e-01	   6.9177390e-01	
   8.9820772e-01	   8.7559743e-01	   6.9581801e-01	
   9.0418199e-01	   8.8037684e-01	   6.9986213e-01	
   9.1015625e-01	   8.8515625e-01	   7.0390625e-01	
   9.1613051e-01	   8.8993566e-01	   7.0795037e-01	
   9.2210478e-01	   8.9471507e-01	   7.1199449e-01	
   9.2807904e-01	   8.9949449e-01	   7.1603860e-01	
   9.3405331e-01	   9.0427390e-01	   7.2008272e-01	
   9.4002757e-01	   9.0905331e-01	   7.2412684e-01	
   9.4600184e-01	   9.1383272e-01	   7.2817096e-01	
   9.5197610e-01	   9.1861213e-01	   7.3221507e-01	
   9.5795037e-01	   9.2339154e-01	   7.3625919e-01	
   9.6052390e-01	   9.2348346e-01	   7.3593750e-01	
   9.5969669e-01	   9.1888787e-01	   7.3125000e-01	
   9.5886949e-01	   9.1429228e-01	   7.2656250e-01	
   9.5804228e-01	   9.0969669e-01	   7.2187500e-01	
   9.5721507e-01	   9.0510110e-01	   7.1718750e-01	
   9.5638787e-01	   9.0050551e-01	   7.1250000e-01	
   9.5556066e-01	   8.9590993e-01	   7.0781250e-01	
   9.5473346e-01	   8.9131434e-01	   7.0312500e-01	
   9.5390625e-01	   8.8671875e-01	   6.9843750e-01	
   9.5307904e-01	   8.8212316e-01	   6.9375000e-01	
   9.5225184e-01	   8.7752757e-01	   6.8906250e-01	
   9.5142463e-01	   8.7293199e-01	   6.8437500e-01	
   9.5059743e-01	   8.6833640e-01	   6.7968750e-01	
   9.4977022e-01	   8.6374081e-01	   6.7500000e-01	
   9.4894301e-01	   8.5914522e-01	   6.7031250e-01	
   9.4811581e-01	   8.5454963e-01	   6.6562500e-01	
   9.4728860e-01	   8.4995404e-01	   6.6093750e-01	
   9.4646140e-01	   8.4535846e-01	   6.5625000e-01	
   9.4563419e-01	   8.4076287e-01	   6.5156250e-01	
   9.4480699e-01	   8.3616728e-01	   6.4687500e-01	
   9.4397978e-01	   8.3157169e-01	   6.4218750e-01	
   9.4315257e-01	   8.2697610e-01	   6.3750000e-01	
   9.4232537e-01	   8.2238051e-01	   6.3281250e-01	
   9.4149816e-01	   8.1778493e-01	   6.2812500e-01	
   9.4067096e-01	   8.1318934e-01	   6.2343750e-01	
   9.3984375e-01	   8.0859375e-01	   6.1875000e-01	
   9.3901654e-01	   8.0399816e-01	   6.1406250e-01	
   9.3818934e-01	   7.9940257e-01	   6.0937500e-01	
   9.3736213e-01	   7.9480699e-01	   6.0468750e-01	
   9.3653493e-01	   7.9021140e-01	   6.0000000e-01	
   9.3570772e-01	   7.8561581e-01	   5.9531250e-01	
   9.3488051e-01	   7.8102022e-01	   5.9062500e-01	
   9.3405331e-01	   7.7642463e-01	   5.8593750e-01	
   9.3322610e-01	   7.7182904e-01	   5.8125000e-01	
   9.3239890e-01	   7.6723346e-01	   5.7656250e-01	
   9.3157169e-01	   7.6263787e-01	   5.7187500e-01	
   9.3074449e-01	   7.5804228e-01	   5.6718750e-01	
   9.2991728e-01	   7.5344669e-01	   5.6250000e-01	
   9.2909007e-01	   7.4885110e-01	   5.5781250e-01	
   9.2826287e-01	   7.4425551e-01	   5.5312500e-01	
   9.2743566e-01	   7.3965993e-01	   5.4843750e-01	
   9.2660846e-01	   7.3506434e-01	   5.4375000e-01	
   9.2578125e-01	   7.3046875e-01	   5.3906250e-01	
   9.2440257e-01	   7.2596507e-01	   5.3465074e-01	
   9.2302390e-01	   7.2146140e-01	   5.3023897e-01	
   9.2164522e-01	   7.1695772e-01	   5.2582721e-01	
   9.2026654e-01	   7.1245404e-01	   5.2141544e-01	
   9.1888787e-01	   7.0795037e-01	   5.1700368e-01	
   9.1750919e-01	   7.0344669e-01	   5.1259191e-01	
   9.1613051e-01	   6.9894301e-01	   5.0818015e-01	
   9.1475184e-01	   6.9443934e-01	   5.0376838e-01	
   9.1337316e-01	   6.8993566e-01	   4.9935662e-01	
   9.1199449e-01	   6.8543199e-01	   4.9494485e-01	
   9.1061581e-01	   6.8092831e-01	   4.9053309e-01	
   9.0923713e-01	   6.7642463e-01	   4.8612132e-01	
   9.0785846e-01	   6.7192096e-01	   4.8170956e-01	
   9.0647978e-01	   6.6741728e-01	   4.7729779e-01	
   9.0510110e-01	   6.6291360e-01	   4.7288603e-01	
   9.0372243e-01	   6.5840993e-01	   4.6847426e-01	
   9.0234375e-01	   6.5390625e-01	   4.6406250e-01	
   9.0096507e-01	   6.4940257e-01	   4.5965074e-01	
   8.9958640e-01	   6.4489890e-01	   4.5523897e-01	
   8.9820772e-01	   6.4039522e-01	   4.5082721e-01	
   8.9682904e-01	   6.3589154e-01	   4.4641544e-01	
   8.9545037e-01	   6.3138787e-01	   4.4200368e-01	
   8.9407169e-01	   6.2688419e-01	   4.3759191e-01	
   8.9269301e-01	   6.2238051e-01	   4.3318015e-01	
   8.9131434e-01	   6.1787684e-01	   4.2876838e-01	
   8.8993566e-01	   6.1337316e-01	   4.2435662e-01	
   8.8855699e-01	   6.0886949e-01	   4.1994485e-01	
   8.8717831e-01	   6.0436581e-01	   4.1553309e-01	
   8.8579963e-01	   5.9986213e-01	   4.1112132e-01	
   8.8442096e-01	   5.9535846e-01	   4.0670956e-01	
   8.8304228e-01	   5.9085478e-01	   4.0229779e-01	
   8.8166360e-01	   5.8635110e-01	   3.9788603e-01	
   8.8028493e-01	   5.8184743e-01	   3.9347426e-01	
   8.7890625e-01	   5.7734375e-01	   3.8906250e-01	
   8.7752757e-01	   5.7284007e-01	   3.8465074e-01	
   8.7614890e-01	   5.6833640e-01	   3.8023897e-01	
   8.7477022e-01	   5.6383272e-01	   3.7582721e-01	
   8.7339154e-01	   5.5932904e-01	   3.7141544e-01	
   8.7201287e-01	   5.5482537e-01	   3.6700368e-01	
   8.7063419e-01	   5.5032169e-01	   3.6259191e-01	
   8.6925551e-01	   5.4581801e-01	   3.5818015e-01	
   8.6787684e-01	   5.4131434e-01	   3.5376838e-01	
   8.6626838e-01	   5.3667279e-01	   3.4944853e-01	
   8.6443015e-01	   5.3189338e-01	   3.4522059e-01	
   8.6259191e-01	   5.2711397e-01	   3.4099265e-01	
   8.6075368e-01	   5.2233456e-01	   3.3676471e-01	
   8.5891544e-01	   5.1755515e-01	   3.3253676e-01	
   8.5707721e-01	   5.1277574e-01	   3.2830882e-01	
   8.5523897e-01	   5.0799632e-01	   3.2408088e-01	
   8.5340074e-01	   5.0321691e-01	   3.1985294e-01	
   8.5156250e-01	   4.9843750e-01	   3.1562500e-01	
   8.4972426e-01	   4.9365809e-01	   3.1139706e-01	
   8.4788603e-01	   4.8887868e-01	   3.0716912e-01	
   8.4604779e-01	   4.8409926e-01	   3.0294118e-01	
   8.4420956e-01	   4.7931985e-01	   2.9871324e-01	
   8.4237132e-01	   4.7454044e-01	   2.9448529e-01	
   8.4053309e-01	   4.6976103e-01	   2.9025735e-01	
   8.3869485e-01	   4.6498162e-01	   2.8602941e-01	
   8.3685662e-01	   4.6020221e-01	   2.8180147e-01	
   8.3501838e-01	   4.5542279e-01	   2.7757353e-01	
   8.3318015e-01	   4.5064338e-01	   2.7334559e-01	
   8.3134191e-01	   4.4586397e-01	   2.6911765e-01	
   8.2950368e-01	   4.4108456e-01	   2.6488971e-01	
   8.2766544e-01	   4.3630515e-01	   2.6066176e-01	
   8.2582721e-01	   4.3152574e-01	   2.5643382e-01	
   8.2398897e-01	   4.2674632e-01	   2.5220588e-01	
   8.2215074e-01	   4.2196691e-01	   2.4797794e-01	
   8.2031250e-01	   4.1718750e-01	   2.4375000e-01	
   8.1847426e-01	   4.1240809e-01	   2.3952206e-01	
   8.1663603e-01	   4.0762868e-01	   2.3529412e-01	
   8.1479779e-01	   4.0284926e-01	   2.3106618e-01	
   8.1295956e-01	   3.9806985e-01	   2.2683824e-01	
   8.1112132e-01	   3.9329044e-01	   2.2261029e-01	
   8.0928309e-01	   3.8851103e-01	   2.1838235e-01	
   8.0744485e-01	   3.8373162e-01	   2.1415441e-01	
   8.0560662e-01	   3.7895221e-01	   2.0992647e-01	
   8.0376838e-01	   3.7417279e-01	   2.0569853e-01	
   8.0193015e-01	   3.6939338e-01	   2.0147059e-01	
   8.0009191e-01	   3.6461397e-01	   1.9724265e-01	
   7.9825368e-01	   3.5983456e-01	   1.9301471e-01	
   7.9641544e-01	   3.5505515e-01	   1.8878676e-01	
   7.9457721e-01	   3.5027574e-01	   1.8455882e-01	
   7.9273897e-01	   3.4549632e-01	   1.8033088e-01	
   7.9090074e-01	   3.4071691e-01	   1.7610294e-01	
   7.8906250e-01	   3.3593750e-01	   1.7187500e-01	
