   3.0196100e-01   4.7059000e-02   9.0196000e-02
   3.2447976e-01   4.5182390e-02   8.2689749e-02
   3.4699851e-01   4.3305781e-02   7.5183499e-02
   3.6951727e-01   4.1429171e-02   6.7677248e-02
   3.9203603e-01   3.9552562e-02   6.0170997e-02
   4.1532468e-01   4.2295085e-02   5.4204431e-02
   4.3878177e-01   4.6048220e-02   4.8574729e-02
   4.6223886e-01   4.9801355e-02   4.2945027e-02
   4.8569595e-01   5.3554490e-02   3.7315324e-02
   5.0855163e-01   6.3923199e-02   3.3489870e-02
   5.3107044e-01   7.7997454e-02   3.0675019e-02
   5.5358924e-01   9.2071709e-02   2.7860168e-02
   5.7610805e-01   1.0614596e-01   2.5045317e-02
   5.9646195e-01   1.1978724e-01   2.2663448e-02
   6.1428934e-01   1.3292321e-01   2.0786880e-02
   6.3211673e-01   1.4605918e-01   1.8910313e-02
   6.4994412e-01   1.5919515e-01   1.7033746e-02
   6.6803606e-01   1.7259567e-01   1.4892630e-02
   6.8680173e-01   1.8666993e-01   1.2077779e-02
   7.0556741e-01   2.0074418e-01   9.2629282e-03
   7.2433308e-01   2.1481844e-01   6.4480772e-03
   7.4232984e-01   2.2898881e-01   3.8254545e-03
   7.5358924e-01   2.4400135e-01   2.8871708e-03
   7.6484865e-01   2.5901388e-01   1.9488871e-03
   7.7610805e-01   2.7402642e-01   1.0106034e-03
   7.8736746e-01   2.8903896e-01   7.2319729e-05
   8.0468861e-01   3.1011325e-01   2.5978919e-03
   8.2251600e-01   3.3169377e-01   5.4127429e-03
   8.4034339e-01   3.5327430e-01   8.2275939e-03
   8.5817078e-01   3.7485482e-01   1.1042445e-02
   8.6972040e-01   3.9434276e-01   1.4554826e-02
   8.7910324e-01   4.1310843e-01   1.8307961e-02
   8.8848607e-01   4.3187411e-01   2.2061096e-02
   8.9786891e-01   4.5063978e-01   2.5814230e-02
   9.0407717e-01   4.6728907e-01   3.0096461e-02
   9.0783030e-01   4.8230161e-01   3.4787880e-02
   9.1158344e-01   4.9731415e-01   3.9479298e-02
   9.1533657e-01   5.1232668e-01   4.4170716e-02
   9.1836838e-01   5.2697856e-01   4.9944122e-02
   9.2024495e-01   5.4105282e-01   5.7450391e-02
   9.2212152e-01   5.5512707e-01   6.4956660e-02
   9.2399809e-01   5.6920133e-01   7.2462930e-02
   9.2606688e-01   5.8346781e-01   8.0545884e-02
   9.2888173e-01   5.9848035e-01   9.0867005e-02
   9.3169658e-01   6.1349289e-01   1.0118813e-01
   9.3451143e-01   6.2850543e-01   1.1150925e-01
   9.3730249e-01   6.4354176e-01   1.2194934e-01
   9.3917906e-01   6.5949258e-01   1.3696188e-01
   9.4105563e-01   6.7544341e-01   1.5197442e-01
   9.4293219e-01   6.9139423e-01   1.6698696e-01
   9.4480876e-01   7.0734505e-01   1.8199949e-01
   9.4668533e-01   7.2170858e-01   1.9701203e-01
   9.4856190e-01   7.3578284e-01   2.1202457e-01
   9.5043846e-01   7.4985710e-01   2.2703711e-01
   9.5231503e-01   7.6393135e-01   2.4204965e-01
   9.5481681e-01   7.7800561e-01   2.5956303e-01
   9.5763166e-01   7.9207986e-01   2.7832870e-01
   9.6044651e-01   8.0615412e-01   2.9709438e-01
   9.6326136e-01   8.2022837e-01   3.1586005e-01
   9.6516266e-01   8.3338907e-01   3.3690961e-01
   9.6610094e-01   8.4558676e-01   3.6036670e-01
   9.6703923e-01   8.5778445e-01   3.8382379e-01
   9.6797751e-01   8.6998214e-01   4.0728088e-01
   9.6891579e-01   8.8131480e-01   4.3016129e-01
   9.6985408e-01   8.9069763e-01   4.5174181e-01
   9.7079236e-01   9.0008047e-01   4.7332234e-01
   9.7173064e-01   9.0946331e-01   4.9490286e-01
   9.7278884e-01   9.1860633e-01   5.1624357e-01
   9.7466540e-01   9.2611260e-01   5.3594753e-01
   9.7654197e-01   9.3361887e-01   5.5565149e-01
   9.7841854e-01   9.4112514e-01   5.7535544e-01
   9.8029511e-01   9.4863141e-01   5.9505940e-01
   9.8039216e-01   9.5435816e-01   6.1298384e-01
   9.8039216e-01   9.5998786e-01   6.3081123e-01
   9.8039216e-01   9.6561756e-01   6.4863862e-01
   9.8039216e-01   9.7124726e-01   6.6646601e-01
   9.8183481e-01   9.7543432e-01   6.8645737e-01
   9.8371137e-01   9.7918745e-01   7.0709962e-01
   9.8558794e-01   9.8294059e-01   7.2774186e-01
   9.8746451e-01   9.8669372e-01   7.4838410e-01
   9.8765937e-01   9.8823529e-01   7.7126094e-01
   9.8668199e-01   9.8823529e-01   7.9569541e-01
   9.8570461e-01   9.8823529e-01   8.2012988e-01
   9.8472723e-01   9.8823529e-01   8.4456435e-01
   9.4705461e-01   9.4705461e-01   8.8602361e-01
   9.3259820e-01   9.3259820e-01   8.6614606e-01
   9.1814180e-01   9.1814180e-01   8.4626851e-01
   9.0368540e-01   9.0368540e-01   8.2639095e-01
   8.8922900e-01   8.8916855e-01   8.0675517e-01
   8.7477259e-01   8.7380862e-01   7.9049172e-01
   8.6031619e-01   8.5844870e-01   7.7422826e-01
   8.4585979e-01   8.4308877e-01   7.5796481e-01
   8.3140338e-01   8.2772884e-01   7.4170136e-01
   8.1891648e-01   8.1368191e-01   7.2740740e-01
   8.0717065e-01   8.0012903e-01   7.1385452e-01
   7.9542483e-01   7.8657616e-01   7.0030165e-01
   7.8367900e-01   7.7302328e-01   6.8674877e-01
   7.7193317e-01   7.6016846e-01   6.7389396e-01
   7.6018734e-01   7.4842264e-01   6.6214813e-01
   7.4844152e-01   7.3667681e-01   6.5040230e-01
   7.3669569e-01   7.2493098e-01   6.3865647e-01
   7.2499143e-01   7.1318516e-01   6.2695221e-01
   7.1414912e-01   7.0143933e-01   6.1610991e-01
   7.0330682e-01   6.8969350e-01   6.0526761e-01
   6.9246452e-01   6.7794767e-01   5.9442530e-01
   6.8162222e-01   6.6620185e-01   5.8358300e-01
   6.7077991e-01   6.5381840e-01   5.7274070e-01
   6.5993761e-01   6.4116904e-01   5.6189840e-01
   6.4909531e-01   6.2851969e-01   5.5105609e-01
   6.3825301e-01   6.1587034e-01   5.4021379e-01
   6.2708055e-01   6.0355114e-01   5.2937149e-01
   6.1533472e-01   5.9180531e-01   5.1852919e-01
   6.0358890e-01   5.8005949e-01   5.0768689e-01
   5.9184307e-01   5.6831366e-01   4.9684458e-01
   5.8014261e-01   5.5656783e-01   4.8602497e-01
   5.7020384e-01   5.4482200e-01   4.7608619e-01
   5.6026506e-01   5.3307618e-01   4.6614741e-01
   5.5032628e-01   5.2133035e-01   4.5620864e-01
   5.4038751e-01   5.0958452e-01   4.4626986e-01
   5.3106747e-01   4.9845744e-01   4.3756857e-01
   5.2203222e-01   4.8761513e-01   4.2943684e-01
   5.1299697e-01   4.7677283e-01   4.2130511e-01
   5.0396172e-01   4.6593053e-01   4.1317339e-01
   4.9523774e-01   4.5571078e-01   4.0504166e-01
   4.8710601e-01   4.4667553e-01   3.9690993e-01
   4.7897429e-01   4.3764027e-01   3.8877821e-01
   4.7084256e-01   4.2860502e-01   3.8064648e-01
   4.6271464e-01   4.1957739e-01   3.7252237e-01
   4.5548644e-01   4.1234918e-01   3.6619769e-01
   4.4825824e-01   4.0512098e-01   3.5987302e-01
   4.4103004e-01   3.9789278e-01   3.5354834e-01
   4.3380183e-01   3.9066458e-01   3.4722366e-01
   4.2717350e-01   3.8343638e-01   3.4089899e-01
   4.2084882e-01   3.7620818e-01   3.3457431e-01
   4.1452414e-01   3.6897997e-01   3.2824963e-01
   4.0819947e-01   3.6175177e-01   3.2192496e-01
   4.0158240e-01   3.5423118e-01   3.1589268e-01
   3.9435419e-01   3.4609945e-01   3.1047153e-01
   3.8712599e-01   3.3796772e-01   3.0505038e-01
   3.7989779e-01   3.2983600e-01   2.9962923e-01
   3.7266959e-01   3.2170427e-01   2.9420807e-01
   3.6632984e-01   3.1534945e-01   2.8789847e-01
   3.6000517e-01   3.0902477e-01   2.8157379e-01
   3.5368049e-01   3.0270010e-01   2.7524912e-01
   3.4735581e-01   2.9637542e-01   2.6892444e-01
   3.4103114e-01   2.8946976e-01   2.6259976e-01
   3.3470646e-01   2.8224156e-01   2.5627509e-01
   3.2838178e-01   2.7501336e-01   2.4995041e-01
   3.2205711e-01   2.6778515e-01   2.4362574e-01
   3.1545891e-01   2.6055695e-01   2.3730106e-01
   3.0823071e-01   2.5332875e-01   2.3097638e-01
   3.0100251e-01   2.4610055e-01   2.2465171e-01
   2.9377431e-01   2.3887235e-01   2.1832703e-01
   2.8654611e-01   2.3164415e-01   2.1200235e-01
   2.7931791e-01   2.2441595e-01   2.0567768e-01
   2.7208970e-01   2.1718774e-01   1.9935300e-01
   2.6486150e-01   2.0995954e-01   1.9302833e-01
   2.5763330e-01   2.0273134e-01   1.8670365e-01
   2.5152932e-01   1.9606525e-01   1.8150319e-01
   2.4610816e-01   1.8974057e-01   1.7698556e-01
   2.4068701e-01   1.8341589e-01   1.7246794e-01
   2.3526586e-01   1.7709122e-01   1.6795031e-01
   2.2933543e-01   1.7076654e-01   1.6292340e-01
   2.2210723e-01   1.6444187e-01   1.5659873e-01
   2.1487903e-01   1.5811719e-01   1.5027405e-01
   2.0765083e-01   1.5179251e-01   1.4394938e-01
   2.0042263e-01   1.4546784e-01   1.3762470e-01
   1.8894752e-01   1.5615051e-01   1.6786193e-01
   1.7720868e-01   1.6788934e-01   2.0036965e-01
   1.6546984e-01   1.7962818e-01   2.3287737e-01
   1.5373100e-01   1.9136701e-01   2.6538510e-01
   1.5262772e-01   2.0024082e-01   2.8314885e-01
   1.5865382e-01   2.0719411e-01   2.9102924e-01
   1.6467992e-01   2.1414741e-01   2.9890963e-01
   1.7070602e-01   2.2110070e-01   3.0679002e-01
   1.7673212e-01   2.2805400e-01   3.1467040e-01
   1.8275822e-01   2.3500729e-01   3.2255079e-01
   1.8878431e-01   2.4196059e-01   3.3043118e-01
   1.9481041e-01   2.4891388e-01   3.3831156e-01
   2.0077217e-01   2.5593152e-01   3.4625629e-01
   2.0633476e-01   2.6334831e-01   3.5460019e-01
   2.1189736e-01   2.7076511e-01   3.6294408e-01
   2.1745996e-01   2.7818190e-01   3.7128797e-01
   2.2302255e-01   2.8559870e-01   3.7963187e-01
   2.2858515e-01   2.9301549e-01   3.8797576e-01
   2.3414774e-01   3.0043228e-01   3.9631965e-01
   2.3971034e-01   3.0784908e-01   4.0466354e-01
   2.4527293e-01   3.1526587e-01   4.1300744e-01
   2.5177970e-01   3.2331211e-01   4.2198078e-01
   2.5873295e-01   3.3165601e-01   4.3125177e-01
   2.6568619e-01   3.3999990e-01   4.4052277e-01
   2.7263944e-01   3.4834379e-01   4.4979376e-01
   2.7959268e-01   3.5668769e-01   4.5906475e-01
   2.8654592e-01   3.6503158e-01   4.6833574e-01
   2.9349917e-01   3.7337547e-01   4.7760673e-01
   3.0045241e-01   3.8171936e-01   4.8687773e-01
   3.0760876e-01   3.9006326e-01   4.9604716e-01
   3.1548911e-01   3.9840715e-01   5.0485461e-01
   3.2336945e-01   4.0675104e-01   5.1366205e-01
   3.3124979e-01   4.1509494e-01   5.2246949e-01
   3.3913014e-01   4.2343883e-01   5.3127693e-01
   3.4701048e-01   4.3178272e-01   5.4008438e-01
   3.5489082e-01   4.4012662e-01   5.4889182e-01
   3.6277117e-01   4.4847051e-01   5.5769926e-01
   3.7065151e-01   4.5681440e-01   5.6650670e-01
   3.7888378e-01   4.6551023e-01   5.7531415e-01
   3.8722768e-01   4.7431767e-01   5.8412159e-01
   3.9557157e-01   4.8312511e-01   5.9292903e-01
   4.0391546e-01   4.9193255e-01   6.0173647e-01
   4.1225936e-01   5.0074000e-01   6.1054392e-01
   4.2060325e-01   5.0954744e-01   6.1935136e-01
   4.2894714e-01   5.1835488e-01   6.2815880e-01
   4.3729104e-01   5.2716232e-01   6.3696625e-01
   4.4577369e-01   5.3624729e-01   6.4605121e-01
   4.5458113e-01   5.4598183e-01   6.5578575e-01
   4.6338857e-01   5.5571637e-01   6.6552029e-01
   4.7219602e-01   5.6545091e-01   6.7525483e-01
   4.8100346e-01   5.7518545e-01   6.8498937e-01
   4.8981090e-01   5.8491999e-01   6.9472392e-01
   4.9861834e-01   5.9465454e-01   7.0445846e-01
   5.0742579e-01   6.0438908e-01   7.1419300e-01
   5.1623323e-01   6.1412362e-01   7.2392754e-01
   5.2581895e-01   6.2385816e-01   7.3288381e-01
   5.3555349e-01   6.3359270e-01   7.4169125e-01
   5.4528803e-01   6.4332724e-01   7.5049869e-01
   5.5502257e-01   6.5306179e-01   7.5930614e-01
   5.6475711e-01   6.6279633e-01   7.6811358e-01
   5.7449165e-01   6.7253087e-01   7.7692102e-01
   5.8422620e-01   6.8226541e-01   7.8572846e-01
   5.9396074e-01   6.9199995e-01   7.9453591e-01
   6.0387125e-01   7.0191046e-01   8.0316738e-01
   6.1406934e-01   7.1210855e-01   8.1151128e-01
   6.2426743e-01   7.2230664e-01   8.1985517e-01
   6.3446552e-01   7.3250474e-01   8.2819906e-01
   6.4466361e-01   7.4270283e-01   8.3654295e-01
   6.5486170e-01   7.5290092e-01   8.4488685e-01
   6.6505979e-01   7.6309901e-01   8.5323074e-01
   6.7525788e-01   7.7329710e-01   8.6157463e-01
   6.8545598e-01   7.8349519e-01   8.6991853e-01
   6.9437504e-01   7.9241425e-01   8.7698339e-01
   7.0318248e-01   8.0122170e-01   8.8393663e-01
   7.1198992e-01   8.1002914e-01   8.9088988e-01
   7.2079736e-01   8.1883658e-01   8.9784312e-01
   7.2960481e-01   8.2764402e-01   9.0479636e-01
   7.3841225e-01   8.3645147e-01   9.1174961e-01
   7.4721969e-01   8.4525891e-01   9.1870285e-01
   7.5602713e-01   8.5406635e-01   9.2565610e-01
   7.6590044e-01   8.6351331e-01   9.3282251e-01
   7.7702563e-01   8.7371140e-01   9.4023931e-01
   7.8815082e-01   8.8390949e-01   9.4765610e-01
   7.9927601e-01   8.9410758e-01   9.5507289e-01
   8.1231974e-01   9.0494519e-01   9.6206334e-01
   8.3178883e-01   9.1792458e-01   9.6762594e-01
   8.5125791e-01   9.3090397e-01   9.7318853e-01
   8.7072699e-01   9.4388336e-01   9.7875113e-01
   8.9019608e-01   9.5686275e-01   9.8431373e-01
