   7.4901961e-01   9.0588235e-01   9.3333333e-01
   7.2061088e-01   8.8531052e-01   9.1765955e-01
   6.9220215e-01   8.6473868e-01   9.0198577e-01
   6.6379343e-01   8.4416684e-01   8.8631199e-01
   6.3538470e-01   8.2359501e-01   8.7063821e-01
   6.2064680e-01   8.0985858e-01   8.6179985e-01
   6.0595263e-01   7.9614403e-01   8.5298334e-01
   5.9125846e-01   7.8242947e-01   8.4416684e-01
   5.7656429e-01   7.6871491e-01   8.3535034e-01
   5.6479022e-01   7.5597372e-01   8.2653384e-01
   5.5303488e-01   7.4323877e-01   8.1771734e-01
   5.4127955e-01   7.3050382e-01   8.0890084e-01
   5.2952421e-01   7.1776888e-01   8.0008434e-01
   5.1776888e-01   7.0503393e-01   7.9126783e-01
   5.0601354e-01   6.9229898e-01   7.8245133e-01
   4.9425821e-01   6.7956404e-01   7.7363483e-01
   4.8250287e-01   6.6682909e-01   7.6481833e-01
   4.7268177e-01   6.5409414e-01   7.5600183e-01
   4.6288566e-01   6.4135920e-01   7.4718533e-01
   4.5308954e-01   6.2862425e-01   7.3836883e-01
   4.4329343e-01   6.1588930e-01   7.2955232e-01
   4.3349732e-01   6.0315436e-01   7.2073582e-01
   4.2370121e-01   5.9041941e-01   7.1191932e-01
   4.1390509e-01   5.7768447e-01   7.0310282e-01
   4.0410898e-01   5.6494952e-01   6.9428632e-01
   3.9527374e-01   5.5317544e-01   6.8546982e-01
   3.8645724e-01   5.4142011e-01   6.7665332e-01
   3.7764074e-01   5.2966477e-01   6.6783681e-01
   3.6882423e-01   5.1790944e-01   6.5902031e-01
   3.6000773e-01   5.0615410e-01   6.5020381e-01
   3.5119123e-01   4.9439877e-01   6.4138731e-01
   3.4237473e-01   4.8264343e-01   6.3257081e-01
   3.3355823e-01   4.7088810e-01   6.2375431e-01
   3.2617366e-01   4.6104201e-01   6.1541512e-01
   3.1882658e-01   4.5124589e-01   6.0708842e-01
   3.1147949e-01   4.4144978e-01   5.9876173e-01
   3.0413241e-01   4.3165367e-01   5.9043503e-01
   2.9678532e-01   4.2185755e-01   5.8210833e-01
   2.8943824e-01   4.1206144e-01   5.7378164e-01
   2.8209115e-01   4.0226533e-01   5.6545494e-01
   2.7474407e-01   3.9246922e-01   5.5712825e-01
   2.6787117e-01   3.8219892e-01   5.4737899e-01
   2.6101389e-01   3.7191300e-01   5.3758287e-01
   2.5415662e-01   3.6162708e-01   5.2778676e-01
   2.4729934e-01   3.5134116e-01   5.1799065e-01
   2.4044206e-01   3.4105524e-01   5.0819454e-01
   2.3358478e-01   3.3076932e-01   4.9839842e-01
   2.2672750e-01   3.2048341e-01   4.8860231e-01
   2.1987022e-01   3.1019749e-01   4.7880620e-01
   2.1207081e-01   2.9944050e-01   4.6712583e-01
   2.0423392e-01   2.8866478e-01   4.5537049e-01
   1.9639703e-01   2.7788906e-01   4.4361516e-01
   1.8856014e-01   2.6711333e-01   4.3185982e-01
   1.8072325e-01   2.5633761e-01   4.2010449e-01
   1.7288636e-01   2.4556188e-01   4.0834915e-01
   1.6504947e-01   2.3478616e-01   3.9659382e-01
   1.5721258e-01   2.2401044e-01   3.8483848e-01
   1.5124745e-01   2.1557442e-01   3.7495491e-01
   1.4536979e-01   2.0724772e-01   3.6515880e-01
   1.3949212e-01   1.9892103e-01   3.5536268e-01
   1.3361445e-01   1.9059433e-01   3.4556657e-01
   1.2773678e-01   1.8226763e-01   3.3577046e-01
   1.2185912e-01   1.7394094e-01   3.2597434e-01
   1.1598145e-01   1.6561424e-01   3.1617823e-01
   1.1010378e-01   1.5728755e-01   3.0638212e-01
   1.0422611e-01   1.4710158e-01   2.9240265e-01
   9.8348446e-02   1.3681566e-01   2.7819829e-01
   9.2470779e-02   1.2652974e-01   2.6399392e-01
   8.6593111e-02   1.1624383e-01   2.4978956e-01
   8.0715443e-02   1.0595791e-01   2.3558520e-01
   7.4837776e-02   9.5671990e-02   2.2138083e-01
   6.8960108e-02   8.5386071e-02   2.0717647e-01
   6.3082440e-02   7.5100153e-02   1.9297211e-01
   6.1822009e-02   7.8663734e-02   1.8384906e-01
   6.0842715e-02   8.3070591e-02   1.7503542e-01
   5.9863420e-02   8.7477448e-02   1.6622177e-01
   5.8884126e-02   9.1884305e-02   1.5740812e-01
   5.7904831e-02   9.6291162e-02   1.4859447e-01
   5.6925537e-02   1.0069802e-01   1.3978083e-01
   5.5946242e-02   1.0510488e-01   1.3096718e-01
   5.4966948e-02   1.0951173e-01   1.2215353e-01
   5.8880453e-02   1.2173937e-01   1.3270862e-01
   6.3141504e-02   1.3452253e-01   1.4463950e-01
   6.7402554e-02   1.4730569e-01   1.5657038e-01
   7.1663604e-02   1.6008885e-01   1.6850127e-01
   7.5358716e-02   1.7258904e-01   1.7930030e-01
   7.7915351e-02   1.8452001e-01   1.8782241e-01
   8.0471987e-02   1.9645097e-01   1.9634453e-01
   8.3028622e-02   2.0838194e-01   2.0486665e-01
   8.5585257e-02   2.2031290e-01   2.1338877e-01
   8.7519432e-02   2.3099894e-01   2.2004350e-01
   8.9223855e-02   2.4122548e-01   2.2600898e-01
   9.0928279e-02   2.5145203e-01   2.3197447e-01
   9.2632702e-02   2.6167857e-01   2.3793995e-01
   9.4446865e-02   2.7223433e-01   2.4390543e-01
   9.7003501e-02   2.8501750e-01   2.4987091e-01
   9.9560136e-02   2.9780068e-01   2.5583640e-01
   1.0211677e-01   3.1058386e-01   2.6180188e-01
   1.0467341e-01   3.2336703e-01   2.6776736e-01
   1.0678081e-01   3.3570098e-01   2.7148669e-01
   1.0848524e-01   3.4763195e-01   2.7319112e-01
   1.1018966e-01   3.5956291e-01   2.7489554e-01
   1.1189408e-01   3.7149387e-01   2.7659997e-01
   1.1359851e-01   3.8342484e-01   2.7830439e-01
   1.1451421e-01   3.9377836e-01   2.7764265e-01
   1.1536642e-01   4.0400491e-01   2.7679044e-01
   1.1621863e-01   4.1423145e-01   2.7593823e-01
   1.1707085e-01   4.2445799e-01   2.7508602e-01
   1.1764706e-01   4.3440853e-01   2.7312981e-01
   1.1764706e-01   4.4378286e-01   2.6886875e-01
   1.1764706e-01   4.5315719e-01   2.6460769e-01
   1.1764706e-01   4.6253152e-01   2.6034664e-01
   1.1764706e-01   4.7190585e-01   2.5608558e-01
   1.1764706e-01   4.7943371e-01   2.4997805e-01
   1.1764706e-01   4.8625141e-01   2.4316036e-01
   1.1764706e-01   4.9306910e-01   2.3634266e-01
   1.1764706e-01   4.9988680e-01   2.2952497e-01
   1.1754429e-01   5.0660172e-01   2.2250174e-01
   1.1669208e-01   5.1256721e-01   2.1397962e-01
   1.1583987e-01   5.1853269e-01   2.0545750e-01
   1.1498766e-01   5.2449817e-01   1.9693539e-01
   1.1413544e-01   5.3046365e-01   1.8841327e-01
   1.1239872e-01   5.3687139e-01   1.7812212e-01
   1.0984208e-01   5.4368909e-01   1.6619116e-01
   1.0728545e-01   5.5050678e-01   1.5426019e-01
   1.0472881e-01   5.5732448e-01   1.4232923e-01
   1.0217218e-01   5.6414217e-01   1.3039826e-01
   9.9615541e-02   5.7174161e-01   1.1846730e-01
   9.7058906e-02   5.7941152e-01   1.0653633e-01
   9.4502271e-02   5.8708142e-01   9.4605368e-02
   9.1945635e-02   5.9475133e-01   8.2674403e-02
   9.3424392e-02   6.0295929e-01   7.3433699e-02
   1.0365093e-01   6.1233362e-01   7.0024852e-02
   1.1387747e-01   6.2170795e-01   6.6616005e-02
   1.2410402e-01   6.3108228e-01   6.3207158e-02
   1.3433056e-01   6.4045661e-01   5.9798311e-02
   1.5185930e-01   6.4983094e-01   6.3083144e-02
   1.7231238e-01   6.5920526e-01   6.9048626e-02
   1.9276546e-01   6.6857959e-01   7.5014109e-02
   2.1321854e-01   6.7795392e-01   8.0979591e-02
   2.3386322e-01   6.8723246e-01   8.7040869e-02
   2.5602072e-01   6.9575458e-01   9.3858563e-02
   2.7817823e-01   7.0427669e-01   1.0067626e-01
   3.0033573e-01   7.1279881e-01   1.0749395e-01
   3.2249324e-01   7.2132093e-01   1.1431165e-01
   3.4508603e-01   7.2940776e-01   1.2287048e-01
   3.6809575e-01   7.3707767e-01   1.3309702e-01
   3.9110547e-01   7.4474757e-01   1.4332356e-01
   4.1411519e-01   7.5241748e-01   1.5355010e-01
   4.3712490e-01   7.6008739e-01   1.6377665e-01
   4.6245895e-01   7.6853207e-01   1.7942661e-01
   4.8802530e-01   7.7705419e-01   1.9561864e-01
   5.1359165e-01   7.8557630e-01   2.1181066e-01
   5.3915801e-01   7.9409842e-01   2.2800269e-01
   5.6367614e-01   8.0235848e-01   2.4262239e-01
   5.8583365e-01   8.1002839e-01   2.5370114e-01
   6.0799116e-01   8.1769830e-01   2.6477989e-01
   6.3014866e-01   8.2536820e-01   2.7585865e-01
   6.5230617e-01   8.3303811e-01   2.8693740e-01
   6.7566676e-01   8.4130956e-01   3.0403159e-01
   6.9952869e-01   8.4983168e-01   3.2363246e-01
   7.2339062e-01   8.5835379e-01   3.4323333e-01
   7.4725255e-01   8.6687591e-01   3.6283421e-01
   7.7084802e-01   8.7539803e-01   3.8323448e-01
   7.9215331e-01   8.8392015e-01   4.1050526e-01
   8.1345860e-01   8.9244227e-01   4.3777603e-01
   8.3476390e-01   9.0096438e-01   4.6504681e-01
   8.5606919e-01   9.0948650e-01   4.9231759e-01
   8.7480461e-01   9.1672368e-01   5.2001668e-01
   8.9099663e-01   9.2268916e-01   5.4813966e-01
   9.0718866e-01   9.2865464e-01   5.7626265e-01
   9.2338068e-01   9.3462013e-01   6.0438564e-01
   9.3957271e-01   9.4058561e-01   6.3250863e-01
   9.8359172e-01   9.7286054e-01   6.7792191e-01
   9.8260618e-01   9.6793286e-01   6.6116780e-01
   9.8162064e-01   9.6300518e-01   6.4441369e-01
   9.8063511e-01   9.5807750e-01   6.2765958e-01
   9.7967928e-01   9.5258546e-01   6.0998467e-01
   9.7873316e-01   9.4690877e-01   5.9200849e-01
   9.7778705e-01   9.4123208e-01   5.7403232e-01
   9.7684093e-01   9.3555540e-01   5.5605615e-01
   9.7531905e-01   9.2815140e-01   5.3750420e-01
   9.7342682e-01   9.1963637e-01   5.1858192e-01
   9.7153459e-01   9.1112134e-01   4.9965963e-01
   9.6964236e-01   9.0260631e-01   4.8073734e-01
   9.6862745e-01   8.9365262e-01   4.6093773e-01
   9.6862745e-01   8.8419148e-01   4.4012322e-01
   9.6862745e-01   8.7473034e-01   4.1930870e-01
   9.6862745e-01   8.6526919e-01   3.9849418e-01
   9.6802435e-01   8.5490340e-01   3.7737812e-01
   9.6613213e-01   8.4260392e-01   3.5561749e-01
   9.6423990e-01   8.3030443e-01   3.3385686e-01
   9.6234767e-01   8.1800494e-01   3.1209623e-01
   9.6045544e-01   8.0554102e-01   2.9165109e-01
   9.5856321e-01   7.9229542e-01   2.7745938e-01
   9.5667098e-01   7.7904982e-01   2.6326766e-01
   9.5477875e-01   7.6580421e-01   2.4907594e-01
   9.5288652e-01   7.5258594e-01   2.3485690e-01
   9.5099430e-01   7.4028645e-01   2.1971907e-01
   9.4910207e-01   7.2798696e-01   2.0458124e-01
   9.4720984e-01   7.1568748e-01   1.8944341e-01
   9.4531761e-01   7.0338799e-01   1.7430558e-01
   9.4258905e-01   6.8941584e-01   1.6167674e-01
   9.3975071e-01   6.7522413e-01   1.4937725e-01
   9.3691236e-01   6.6103241e-01   1.3707776e-01
   9.3407402e-01   6.4684070e-01   1.2477828e-01
   9.3193490e-01   6.3264898e-01   1.1387723e-01
   9.3004267e-01   6.1845726e-01   1.0346997e-01
   9.2815044e-01   6.0426555e-01   9.3062710e-02
   9.2625821e-01   5.9007383e-01   8.2655451e-02
   9.2436598e-01   5.7644422e-01   7.4496622e-02
   9.2247375e-01   5.6319862e-01   6.7873821e-02
   9.2058152e-01   5.4995302e-01   6.1251020e-02
   9.1868930e-01   5.3670742e-01   5.4628220e-02
   9.1637207e-01   5.2346182e-01   4.8855411e-02
   9.1353373e-01   5.1021622e-01   4.4124839e-02
   9.1069538e-01   4.9697062e-01   3.9394267e-02
   9.0785704e-01   4.8372501e-01   3.4663695e-02
   9.0473081e-01   4.6961576e-01   3.0508894e-02
   9.0094635e-01   4.5353181e-01   2.7670550e-02
   8.9716190e-01   4.3744787e-01   2.4832207e-02
   8.9337744e-01   4.2136392e-01   2.1993864e-02
   8.8702982e-01   4.0437533e-01   1.8853973e-02
   8.6716142e-01   3.8261470e-01   1.4123401e-02
   8.4729302e-01   3.6085407e-01   9.3928289e-03
   8.2742462e-01   3.3909344e-01   4.6622569e-03
   8.0770651e-01   3.1742845e-01   0.0000000e+00
   7.9824536e-01   3.0229062e-01   0.0000000e+00
   7.8878422e-01   2.8715279e-01   0.0000000e+00
   7.7932308e-01   2.7201496e-01   0.0000000e+00
   7.6986193e-01   2.5687713e-01   0.0000000e+00
   7.5628746e-01   2.4338463e-01   1.6453327e-03
   7.4209574e-01   2.3013903e-01   3.5375615e-03
   7.2790402e-01   2.1689343e-01   5.4297903e-03
   7.1371231e-01   2.0364783e-01   7.3220190e-03
   6.9746393e-01   1.9177334e-01   9.8998031e-03
   6.8043387e-01   1.8041996e-01   1.2738146e-02
   6.6340381e-01   1.6906659e-01   1.5576489e-02
   6.4637375e-01   1.5771322e-01   1.8414833e-02
   6.2824680e-01   1.4526296e-01   2.0704732e-02
   6.0932451e-01   1.3201736e-01   2.2596960e-02
   5.9040223e-01   1.1877175e-01   2.4489189e-02
   5.7147994e-01   1.0552615e-01   2.6381418e-02
   5.5173498e-01   9.3103218e-02   2.8684980e-02
   5.3092047e-01   8.1749845e-02   3.1523323e-02
   5.1010595e-01   7.0396472e-02   3.4361666e-02
   4.8929143e-01   5.9043099e-02   3.7200009e-02
   4.6847692e-01   5.0157726e-02   4.0861019e-02
   4.4766240e-01   4.7319383e-02   4.6537705e-02
   4.2684788e-01   4.4481039e-02   5.2214392e-02
   4.0603337e-01   4.1642696e-02   5.7891078e-02
             NaN             NaN             NaN
             NaN             NaN             NaN
             NaN             NaN             NaN
             NaN             NaN             NaN
             NaN             NaN             NaN
