   2.1960800e-01   1.8039200e-01   1.7647100e-01
   2.2698578e-01   1.8592557e-01   1.8200434e-01
   2.3436356e-01   1.9145914e-01   1.8753767e-01
   2.4174134e-01   1.9699271e-01   1.9307101e-01
   2.4911912e-01   2.0252628e-01   1.9860434e-01
   2.5994523e-01   2.1219735e-01   2.0689630e-01
   2.7193448e-01   2.2326402e-01   2.1611876e-01
   2.8392372e-01   2.3433069e-01   2.2534123e-01
   2.9591297e-01   2.4539737e-01   2.3456369e-01
   3.0516008e-01   2.5463614e-01   2.4241508e-01
   3.1161575e-01   2.6201416e-01   2.4887075e-01
   3.1807143e-01   2.6939217e-01   2.5532643e-01
   3.2452711e-01   2.7677019e-01   2.6178211e-01
   3.3120715e-01   2.8414815e-01   2.6801336e-01
   3.3858493e-01   2.9152593e-01   2.7354669e-01
   3.4596271e-01   2.9890371e-01   2.7908003e-01
   3.5334049e-01   3.0628149e-01   2.8461337e-01
   3.6071827e-01   3.1365927e-01   2.9014670e-01
   3.6718216e-01   3.2012316e-01   2.9659416e-01
   3.7363783e-01   3.2657883e-01   3.0304983e-01
   3.8009351e-01   3.3303451e-01   3.0950551e-01
   3.8654919e-01   3.3949019e-01   3.1596119e-01
   3.9368634e-01   3.4730883e-01   3.2241686e-01
   4.0106436e-01   3.5560918e-01   3.2887254e-01
   4.0844237e-01   3.6390954e-01   3.3532821e-01
   4.1582039e-01   3.7220989e-01   3.4178389e-01
   4.2319829e-01   3.8006129e-01   3.4779072e-01
   4.3057607e-01   3.8743907e-01   3.5332405e-01
   4.3795385e-01   3.9481685e-01   3.5885739e-01
   4.4533163e-01   4.0219463e-01   3.6439072e-01
   4.5206091e-01   4.0914012e-01   3.6970791e-01
   4.5667214e-01   4.1467369e-01   3.7431914e-01
   4.6128337e-01   4.2020726e-01   3.7893037e-01
   4.6589460e-01   4.2574083e-01   3.8354160e-01
   4.7050583e-01   4.3127440e-01   3.8815283e-01
   4.7511706e-01   4.3680774e-01   3.9276406e-01
   4.7972829e-01   4.4234107e-01   3.9737529e-01
   4.8433952e-01   4.4787441e-01   4.0198652e-01
   4.8895075e-01   4.5340774e-01   4.0659775e-01
   4.9356198e-01   4.5894108e-01   4.1120898e-01
   4.9817321e-01   4.6447441e-01   4.1582021e-01
   5.0278444e-01   4.7000775e-01   4.2043144e-01
   5.0739568e-01   4.7554108e-01   4.2504268e-01
   5.1332856e-01   4.8239619e-01   4.3053505e-01
   5.2070634e-01   4.9069631e-01   4.3699072e-01
   5.2808412e-01   4.9899643e-01   4.4344640e-01
   5.3546190e-01   5.0729655e-01   4.4990207e-01
   5.4325565e-01   5.1601264e-01   4.5698165e-01
   5.5247812e-01   5.2615744e-01   4.6620412e-01
   5.6170058e-01   5.3630224e-01   4.7542658e-01
   5.7092304e-01   5.4644704e-01   4.8464904e-01
   5.8014550e-01   5.5659184e-01   4.9387150e-01
   5.8757281e-01   5.6494127e-01   5.0129858e-01
   5.9495083e-01   5.7324139e-01   5.0867636e-01
   6.0232884e-01   5.8154151e-01   5.1605414e-01
   6.0970686e-01   5.8984163e-01   5.2343192e-01
   6.1841463e-01   6.0013673e-01   5.3213980e-01
   6.2763686e-01   6.1120363e-01   5.4136226e-01
   6.3685908e-01   6.2227054e-01   5.5058472e-01
   6.4608131e-01   6.3333744e-01   5.5980718e-01
   6.5660076e-01   6.4483665e-01   5.6946194e-01
   6.6859000e-01   6.5682566e-01   5.7960651e-01
   6.8057925e-01   6.6881467e-01   5.8975107e-01
   6.9256850e-01   6.8080368e-01   5.9989564e-01
   7.0435797e-01   6.9279269e-01   6.1043974e-01
   7.1542488e-01   7.0478170e-01   6.2242899e-01
   7.2649179e-01   7.1677071e-01   6.3441823e-01
   7.3755869e-01   7.2875972e-01   6.4640748e-01
   7.4862560e-01   7.4074874e-01   6.5839673e-01
   7.5791356e-01   7.5095926e-01   6.6860703e-01
   7.6713579e-01   7.6110406e-01   6.7875160e-01
   7.7635801e-01   7.7124886e-01   6.8889616e-01
   7.8558024e-01   7.8139366e-01   6.9904073e-01
   7.9348914e-01   7.9022480e-01   7.0787180e-01
   8.0086716e-01   7.9852492e-01   7.1617192e-01
   8.0824517e-01   8.0682504e-01   7.2447204e-01
   8.1562319e-01   8.1512516e-01   7.3277216e-01
   8.2597011e-01   8.2597011e-01   7.4488957e-01
   8.3980356e-01   8.3980356e-01   7.6148981e-01
   8.5363702e-01   8.5363702e-01   7.7809005e-01
   8.6747047e-01   8.6747047e-01   7.9469029e-01
   8.8149548e-01   8.8149548e-01   8.1205669e-01
   8.9625128e-01   8.9625128e-01   8.3234606e-01
   9.1100707e-01   9.1100707e-01   8.5263543e-01
   9.2576287e-01   9.2576287e-01   8.7292479e-01
   9.4051867e-01   9.4051867e-01   8.9321416e-01
   8.9653106e-01   9.7331328e-01   8.1102111e-01
   8.8260209e-01   9.6588469e-01   7.8966332e-01
   8.6867313e-01   9.5845610e-01   7.6830553e-01
   8.5474417e-01   9.5102751e-01   7.4694774e-01
   8.3878239e-01   9.4088820e-01   7.2220203e-01
   8.2206782e-01   9.2974508e-01   6.9620173e-01
   8.0535326e-01   9.1860196e-01   6.7020142e-01
   7.8863869e-01   9.0745883e-01   6.4420112e-01
   7.7427628e-01   8.9819749e-01   6.2172896e-01
   7.6220458e-01   8.9076878e-01   6.0269278e-01
   7.5013289e-01   8.8334008e-01   5.8365660e-01
   7.3806119e-01   8.7591137e-01   5.6462042e-01
   7.2598949e-01   8.6848266e-01   5.4558425e-01
   7.1391780e-01   8.6105395e-01   5.2654807e-01
   7.0184610e-01   8.5362524e-01   5.0751189e-01
   6.8977440e-01   8.4619653e-01   4.8847571e-01
   6.7789879e-01   8.3871179e-01   4.6985971e-01
   6.6907728e-01   8.3035439e-01   4.5778801e-01
   6.6025577e-01   8.2199699e-01   4.4571631e-01
   6.5143426e-01   8.1363959e-01   4.3364462e-01
   6.4261275e-01   8.0528219e-01   4.2157292e-01
   6.3379124e-01   7.9692479e-01   4.0950122e-01
   6.2496973e-01   7.8856739e-01   3.9742953e-01
   6.1614822e-01   7.8020998e-01   3.8535783e-01
   6.0732671e-01   7.7185258e-01   3.7328614e-01
   5.9993063e-01   7.6520589e-01   3.6264001e-01
   5.9343049e-01   7.5963444e-01   3.5288993e-01
   5.8693036e-01   7.5406300e-01   3.4313984e-01
   5.8043022e-01   7.4849156e-01   3.3338976e-01
   5.7393009e-01   7.4292011e-01   3.2363968e-01
   5.6742995e-01   7.3734867e-01   3.1388959e-01
   5.6092982e-01   7.3177723e-01   3.0413951e-01
   5.5442968e-01   7.2620578e-01   2.9438942e-01
   5.4816320e-01   7.2055642e-01   2.8541820e-01
   5.4305587e-01   7.1452052e-01   2.8031087e-01
   5.3794853e-01   7.0848461e-01   2.7520353e-01
   5.3284120e-01   7.0244870e-01   2.7009620e-01
   5.2773387e-01   6.9641279e-01   2.6498887e-01
   5.2262653e-01   6.9037689e-01   2.5988153e-01
   5.1751920e-01   6.8434098e-01   2.5477420e-01
   5.1241186e-01   6.7830507e-01   2.4966686e-01
   5.0730453e-01   6.7226916e-01   2.4455953e-01
   5.0119233e-01   6.6455845e-01   2.3878234e-01
   4.9469219e-01   6.5620116e-01   2.3274655e-01
   4.8819206e-01   6.4784388e-01   2.2671076e-01
   4.8169192e-01   6.3948660e-01   2.2067497e-01
   4.7519179e-01   6.3112932e-01   2.1463919e-01
   4.6869165e-01   6.2277203e-01   2.0860340e-01
   4.6219152e-01   6.1441475e-01   2.0256761e-01
   4.5569138e-01   6.0605747e-01   1.9653182e-01
   4.4919125e-01   5.9770019e-01   1.9075156e-01
   4.4269111e-01   5.8934290e-01   1.8564435e-01
   4.3619098e-01   5.8098562e-01   1.8053713e-01
   4.2969084e-01   5.7262834e-01   1.7542992e-01
   4.2319071e-01   5.6427105e-01   1.7032270e-01
   4.1669057e-01   5.5591377e-01   1.6521549e-01
   4.1019044e-01   5.4755649e-01   1.6010827e-01
   4.0369030e-01   5.3919921e-01   1.5500105e-01
   3.9719017e-01   5.3084192e-01   1.4989384e-01
   3.9069003e-01   5.2171485e-01   1.4517142e-01
   3.8418990e-01   5.1242887e-01   1.4052844e-01
   3.7768976e-01   5.0314290e-01   1.3588545e-01
   3.7118963e-01   4.9385692e-01   1.3124246e-01
   3.6468949e-01   4.8457095e-01   1.2659947e-01
   3.5818936e-01   4.7528497e-01   1.2195649e-01
   3.5168922e-01   4.6599900e-01   1.1731350e-01
   3.4518909e-01   4.5671302e-01   1.1267051e-01
   3.3868900e-01   4.4724943e-01   1.0820519e-01
   3.3218898e-01   4.3749922e-01   1.0402655e-01
   3.2568896e-01   4.2774902e-01   9.9847906e-02
   3.1918895e-01   4.1799882e-01   9.5669265e-02
   3.1268893e-01   4.0824861e-01   9.1490623e-02
   3.0618891e-01   3.9849841e-01   8.7311982e-02
   2.9968890e-01   3.8874821e-01   8.3133340e-02
   2.9318888e-01   3.7899801e-01   7.8954699e-02
   2.8668886e-01   3.6924780e-01   7.4776058e-02
   2.7888450e-01   3.5862815e-01   7.1032086e-02
   2.7099145e-01   3.4794937e-01   6.7317672e-02
   2.6309839e-01   3.3727060e-01   6.3603259e-02
   2.5520534e-01   3.2659182e-01   5.9888845e-02
   2.4731228e-01   3.1591304e-01   5.6174431e-02
   2.3941923e-01   3.0523427e-01   5.2460018e-02
   2.3152617e-01   2.9455549e-01   4.8745604e-02
   2.2363312e-01   2.8387671e-01   4.5031190e-02
   9.9380800e-02   8.9629387e-02   3.5192714e-01
   1.0213325e-01   9.6510277e-02   3.5789058e-01
   1.0488570e-01   1.0339117e-01   3.6385403e-01
   1.0763815e-01   1.1027206e-01   3.6981748e-01
   1.1039060e-01   1.1715295e-01   3.7578092e-01
   1.1314305e-01   1.2403383e-01   3.8174437e-01
   1.1589550e-01   1.3091472e-01   3.8770781e-01
   1.1864795e-01   1.3779561e-01   3.9367126e-01
   1.2140040e-01   1.4467650e-01   3.9963470e-01
   1.2544466e-01   1.5198807e-01   4.0559815e-01
   1.2957322e-01   1.5932774e-01   4.1156159e-01
   1.3370177e-01   1.6666741e-01   4.1752504e-01
   1.3783033e-01   1.7400708e-01   4.2348848e-01
   1.4195889e-01   1.8134675e-01   4.2945193e-01
   1.4608744e-01   1.8868642e-01   4.3541538e-01
   1.5021600e-01   1.9602609e-01   4.4137882e-01
   1.5434456e-01   2.0336576e-01   4.4734227e-01
   1.5918871e-01   2.1213667e-01   4.5420028e-01
   1.6515216e-01   2.2314623e-01   4.6245751e-01
   1.7111560e-01   2.3415580e-01   4.7071474e-01
   1.7707905e-01   2.4516536e-01   4.7897197e-01
   1.8304249e-01   2.5617492e-01   4.8722920e-01
   1.8900594e-01   2.6718449e-01   4.9548643e-01
   1.9496938e-01   2.7819405e-01   5.0374366e-01
   2.0093283e-01   2.8920362e-01   5.1200089e-01
   2.0689627e-01   3.0021318e-01   5.2025813e-01
   2.1324567e-01   3.1083680e-01   5.2735752e-01
   2.1966789e-01   3.2138758e-01   5.3423841e-01
   2.2609012e-01   3.3193836e-01   5.4111929e-01
   2.3251235e-01   3.4248915e-01   5.4800018e-01
   2.3893457e-01   3.5303993e-01   5.5488107e-01
   2.4535680e-01   3.6359071e-01   5.6176196e-01
   2.5177902e-01   3.7414150e-01   5.6864285e-01
   2.5820125e-01   3.8469228e-01   5.7552374e-01
   2.6475767e-01   3.9551141e-01   5.8240467e-01
   2.7163867e-01   4.0697964e-01   5.8928567e-01
   2.7851968e-01   4.1844786e-01   5.9616668e-01
   2.8540069e-01   4.2991609e-01   6.0304769e-01
   2.9228169e-01   4.4138432e-01   6.0992869e-01
   2.9916270e-01   4.5285255e-01   6.1680970e-01
   3.0604371e-01   4.6432077e-01   6.2369071e-01
   3.1292471e-01   4.7578900e-01   6.3057171e-01
   3.1980572e-01   4.8725723e-01   6.3745272e-01
   3.2702785e-01   4.9940780e-01   6.4467485e-01
   3.3436752e-01   5.1179347e-01   6.5201452e-01
   3.4170720e-01   5.2417914e-01   6.5935420e-01
   3.4904687e-01   5.3656482e-01   6.6669387e-01
   3.5638654e-01   5.4895049e-01   6.7403354e-01
   3.6372621e-01   5.6133616e-01   6.8137321e-01
   3.7106588e-01   5.7372183e-01   6.8871288e-01
   3.7840555e-01   5.8610750e-01   6.9605255e-01
   3.8646081e-01   5.9929825e-01   7.0419727e-01
   3.9747026e-01   6.1581260e-01   7.1566550e-01
   4.0847971e-01   6.3232694e-01   7.2713373e-01
   4.1948915e-01   6.4884129e-01   7.3860196e-01
   4.3049860e-01   6.6535563e-01   7.5007018e-01
   4.4150805e-01   6.8186998e-01   7.6153841e-01
   4.5251749e-01   6.9838433e-01   7.7300664e-01
   4.6352694e-01   7.1489867e-01   7.8447486e-01
   4.7453639e-01   7.3141302e-01   7.9594309e-01
   4.8406363e-01   7.4377694e-01   8.0385386e-01
   4.9277952e-01   7.5386894e-01   8.0981731e-01
   5.0149542e-01   7.6396094e-01   8.1578076e-01
   5.1021131e-01   7.7405294e-01   8.2174420e-01
   5.1892721e-01   7.8414495e-01   8.2770765e-01
   5.2764310e-01   7.9423695e-01   8.3367109e-01
   5.3635900e-01   8.0432895e-01   8.3963454e-01
   5.4507489e-01   8.1442095e-01   8.4559798e-01
   5.5450640e-01   8.2464715e-01   8.5169561e-01
   5.7056196e-01   8.3611549e-01   8.5903528e-01
   5.8661753e-01   8.4758384e-01   8.6637495e-01
   6.0267309e-01   8.5905218e-01   8.7371462e-01
   6.1872866e-01   8.7052052e-01   8.8105429e-01
   6.3478422e-01   8.8198887e-01   8.8839396e-01
   6.5083979e-01   8.9345721e-01   8.9573363e-01
   6.6689535e-01   9.0492556e-01   9.0307330e-01
   6.8295092e-01   9.1639390e-01   9.1041297e-01
   7.0253067e-01   9.2534488e-01   9.1699750e-01
   7.2500846e-01   9.3222577e-01   9.2296106e-01
   7.4748625e-01   9.3910666e-01   9.2892463e-01
   7.6996405e-01   9.4598755e-01   9.3488819e-01
   7.9244184e-01   9.5286844e-01   9.4085175e-01
   8.1491963e-01   9.5974933e-01   9.4681531e-01
   8.3739742e-01   9.6663022e-01   9.5277888e-01
   8.5987521e-01   9.7351111e-01   9.5874244e-01
   8.8235300e-01   9.8039200e-01   9.6470600e-01
