   2.1960800e-01   1.8039200e-01   1.7647100e-01
   2.2698578e-01   1.8592557e-01   1.8200434e-01
   2.3436356e-01   1.9145914e-01   1.8753767e-01
   2.4174134e-01   1.9699271e-01   1.9307101e-01
   2.4911912e-01   2.0252628e-01   1.9860434e-01
   2.5994523e-01   2.1219735e-01   2.0689630e-01
   2.7193448e-01   2.2326402e-01   2.1611876e-01
   2.8392372e-01   2.3433069e-01   2.2534123e-01
   2.9591297e-01   2.4539737e-01   2.3456369e-01
   3.0516008e-01   2.5463614e-01   2.4241508e-01
   3.1161575e-01   2.6201416e-01   2.4887075e-01
   3.1807143e-01   2.6939217e-01   2.5532643e-01
   3.2452711e-01   2.7677019e-01   2.6178211e-01
   3.3120715e-01   2.8414815e-01   2.6801336e-01
   3.3858493e-01   2.9152593e-01   2.7354669e-01
   3.4596271e-01   2.9890371e-01   2.7908003e-01
   3.5334049e-01   3.0628149e-01   2.8461337e-01
   3.6071827e-01   3.1365927e-01   2.9014670e-01
   3.6718216e-01   3.2012316e-01   2.9659416e-01
   3.7363783e-01   3.2657883e-01   3.0304983e-01
   3.8009351e-01   3.3303451e-01   3.0950551e-01
   3.8654919e-01   3.3949019e-01   3.1596119e-01
   3.9368634e-01   3.4730883e-01   3.2241686e-01
   4.0106436e-01   3.5560918e-01   3.2887254e-01
   4.0844237e-01   3.6390954e-01   3.3532821e-01
   4.1582039e-01   3.7220989e-01   3.4178389e-01
   4.2319829e-01   3.8006129e-01   3.4779072e-01
   4.3057607e-01   3.8743907e-01   3.5332405e-01
   4.3795385e-01   3.9481685e-01   3.5885739e-01
   4.4533163e-01   4.0219463e-01   3.6439072e-01
   4.5206091e-01   4.0914012e-01   3.6970791e-01
   4.5667214e-01   4.1467369e-01   3.7431914e-01
   4.6128337e-01   4.2020726e-01   3.7893037e-01
   4.6589460e-01   4.2574083e-01   3.8354160e-01
   4.7050583e-01   4.3127440e-01   3.8815283e-01
   4.7511706e-01   4.3680774e-01   3.9276406e-01
   4.7972829e-01   4.4234107e-01   3.9737529e-01
   4.8433952e-01   4.4787441e-01   4.0198652e-01
   4.8895075e-01   4.5340774e-01   4.0659775e-01
   4.9356198e-01   4.5894108e-01   4.1120898e-01
   4.9817321e-01   4.6447441e-01   4.1582021e-01
   5.0278444e-01   4.7000775e-01   4.2043144e-01
   5.0739568e-01   4.7554108e-01   4.2504268e-01
   5.1332856e-01   4.8239619e-01   4.3053505e-01
   5.2070634e-01   4.9069631e-01   4.3699072e-01
   5.2808412e-01   4.9899643e-01   4.4344640e-01
   5.3546190e-01   5.0729655e-01   4.4990207e-01
   5.4325565e-01   5.1601264e-01   4.5698165e-01
   5.5247812e-01   5.2615744e-01   4.6620412e-01
   5.6170058e-01   5.3630224e-01   4.7542658e-01
   5.7092304e-01   5.4644704e-01   4.8464904e-01
   5.8014550e-01   5.5659184e-01   4.9387150e-01
   5.8757281e-01   5.6494127e-01   5.0129858e-01
   5.9495083e-01   5.7324139e-01   5.0867636e-01
   6.0232884e-01   5.8154151e-01   5.1605414e-01
   6.0970686e-01   5.8984163e-01   5.2343192e-01
   6.1841463e-01   6.0013673e-01   5.3213980e-01
   6.2763686e-01   6.1120363e-01   5.4136226e-01
   6.3685908e-01   6.2227054e-01   5.5058472e-01
   6.4608131e-01   6.3333744e-01   5.5980718e-01
   6.5660076e-01   6.4483665e-01   5.6946194e-01
   6.6859000e-01   6.5682566e-01   5.7960651e-01
   6.8057925e-01   6.6881467e-01   5.8975107e-01
   6.9256850e-01   6.8080368e-01   5.9989564e-01
   7.0435797e-01   6.9279269e-01   6.1043974e-01
   7.1542488e-01   7.0478170e-01   6.2242899e-01
   7.2649179e-01   7.1677071e-01   6.3441823e-01
   7.3755869e-01   7.2875972e-01   6.4640748e-01
   7.4862560e-01   7.4074874e-01   6.5839673e-01
   7.5791356e-01   7.5095926e-01   6.6860703e-01
   7.6713579e-01   7.6110406e-01   6.7875160e-01
   7.7635801e-01   7.7124886e-01   6.8889616e-01
   7.8558024e-01   7.8139366e-01   6.9904073e-01
   7.9348914e-01   7.9022480e-01   7.0787180e-01
   8.0086716e-01   7.9852492e-01   7.1617192e-01
   8.0824517e-01   8.0682504e-01   7.2447204e-01
   8.1562319e-01   8.1512516e-01   7.3277216e-01
   8.2597011e-01   8.2597011e-01   7.4488957e-01
   8.3980356e-01   8.3980356e-01   7.6148981e-01
   8.5363702e-01   8.5363702e-01   7.7809005e-01
   8.6747047e-01   8.6747047e-01   7.9469029e-01
   8.8149548e-01   8.8149548e-01   8.1205669e-01
   8.9625128e-01   8.9625128e-01   8.3234606e-01
   9.1100707e-01   9.1100707e-01   8.5263543e-01
   9.2576287e-01   9.2576287e-01   8.7292479e-01
   9.4051867e-01   9.4051867e-01   8.9321416e-01
   9.2512875e-01   9.9557569e-01   9.8684773e-01
   9.0005666e-01   9.9093270e-01   9.8127605e-01
   8.7498458e-01   9.8628971e-01   9.7570437e-01
   8.4991249e-01   9.8164672e-01   9.7013269e-01
   8.3026167e-01   9.7700374e-01   9.6727173e-01
   8.1261841e-01   9.7236075e-01   9.6541458e-01
   7.9497515e-01   9.6771776e-01   9.6355743e-01
   7.7733189e-01   9.6307477e-01   9.6170029e-01
   7.6392263e-01   9.5655006e-01   9.5772617e-01
   7.5463677e-01   9.4819278e-01   9.5169038e-01
   7.4535092e-01   9.3983550e-01   9.4565459e-01
   7.3606506e-01   9.3147821e-01   9.3961880e-01
   7.2677921e-01   9.2312093e-01   9.3358301e-01
   7.1749335e-01   9.1476365e-01   9.2754722e-01
   7.0820749e-01   9.0640637e-01   9.2151144e-01
   6.9892164e-01   8.9804908e-01   9.1547565e-01
   6.8960776e-01   8.8949572e-01   9.0924378e-01
   6.7985756e-01   8.7788837e-01   8.9995792e-01
   6.7010736e-01   8.6628102e-01   8.9067207e-01
   6.6035716e-01   8.5467367e-01   8.8138621e-01
   6.5060695e-01   8.4306632e-01   8.7210035e-01
   6.4085675e-01   8.3145897e-01   8.6281450e-01
   6.3110655e-01   8.1985162e-01   8.5352864e-01
   6.2135635e-01   8.0824427e-01   8.4424278e-01
   6.1160614e-01   7.9663692e-01   8.3495693e-01
   6.0242613e-01   7.8559975e-01   8.2624118e-01
   5.9360450e-01   7.7492098e-01   8.1788378e-01
   5.8478287e-01   7.6424220e-01   8.0952638e-01
   5.7596124e-01   7.5356342e-01   8.0116898e-01
   5.6713961e-01   7.4288465e-01   7.9281158e-01
   5.5831798e-01   7.3220587e-01   7.8445418e-01
   5.4949635e-01   7.2152709e-01   7.7609678e-01
   5.4067472e-01   7.1084832e-01   7.6773937e-01
   5.3193099e-01   7.0032532e-01   7.5961567e-01
   5.2357371e-01   6.9057512e-01   7.5265130e-01
   5.1521643e-01   6.8082491e-01   7.4568694e-01
   5.0685914e-01   6.7107471e-01   7.3872258e-01
   4.9850186e-01   6.6132451e-01   7.3175822e-01
   4.9014458e-01   6.5157430e-01   7.2479385e-01
   4.8178730e-01   6.4182410e-01   7.1782949e-01
   4.7343001e-01   6.3207390e-01   7.1086513e-01
   4.6507273e-01   6.2232370e-01   7.0390076e-01
   4.5872527e-01   6.1424839e-01   6.9760626e-01
   4.5315371e-01   6.0681968e-01   6.9157035e-01
   4.4758215e-01   5.9939097e-01   6.8553444e-01
   4.4201059e-01   5.9196226e-01   6.7949853e-01
   4.3643902e-01   5.8453355e-01   6.7346263e-01
   4.3086746e-01   5.7710484e-01   6.6742672e-01
   4.2529590e-01   5.6967613e-01   6.6139081e-01
   4.1972434e-01   5.6224743e-01   6.5535490e-01
   4.1402503e-01   5.5469093e-01   6.4931903e-01
   4.0798924e-01   5.4679788e-01   6.4328324e-01
   4.0195345e-01   5.3890482e-01   6.3724745e-01
   3.9591766e-01   5.3101177e-01   6.3121166e-01
   3.8988187e-01   5.2311871e-01   6.2517587e-01
   3.8384608e-01   5.1522566e-01   6.1914008e-01
   3.7781030e-01   5.0733260e-01   6.1310430e-01
   3.7177451e-01   4.9943955e-01   6.0706851e-01
   3.6573872e-01   4.9154649e-01   6.0103272e-01
   3.5931803e-01   4.8172925e-01   5.9384224e-01
   3.5281790e-01   4.7151482e-01   5.8641341e-01
   3.4631776e-01   4.6130039e-01   5.7898458e-01
   3.3981763e-01   4.5108596e-01   5.7155576e-01
   3.3444247e-01   4.4199651e-01   5.6581462e-01
   3.2979949e-01   4.3363923e-01   5.6117187e-01
   3.2515650e-01   4.2528194e-01   5.5652911e-01
   3.2051351e-01   4.1692466e-01   5.5188636e-01
   3.1622585e-01   4.0856738e-01   5.4724352e-01
   3.1251156e-01   4.0021009e-01   5.4260054e-01
   3.0879726e-01   3.9185281e-01   5.3795755e-01
   3.0508297e-01   3.8349553e-01   5.3331456e-01
   3.0151674e-01   3.7543441e-01   5.2867157e-01
   2.9873090e-01   3.6893427e-01   5.2402859e-01
   2.9594506e-01   3.6243414e-01   5.1938560e-01
   2.9315922e-01   3.5593400e-01   5.1474261e-01
   2.9037338e-01   3.4943387e-01   5.1009962e-01
   2.8671820e-01   3.4206417e-01   5.0545664e-01
   2.8300390e-01   3.3463534e-01   5.0081365e-01
   2.7928961e-01   3.2720652e-01   4.9617066e-01
   2.7557531e-01   3.1977769e-01   4.9152767e-01
   2.7119869e-01   3.1234903e-01   4.8489803e-01
   2.6655570e-01   3.0492044e-01   4.7746944e-01
   2.6191271e-01   2.9749185e-01   4.7004085e-01
   2.5726972e-01   2.9006326e-01   4.6261226e-01
   3.8128650e-01   3.9876160e-01   4.0223630e-01
   3.8312138e-01   4.0426650e-01   4.0682363e-01
   3.8495627e-01   4.0977140e-01   4.1141097e-01
   3.8679116e-01   4.1527630e-01   4.1599831e-01
   3.8862605e-01   4.2058565e-01   4.2039010e-01
   3.9046094e-01   4.2517298e-01   4.2405987e-01
   3.9229583e-01   4.2976032e-01   4.2772965e-01
   3.9413071e-01   4.3434766e-01   4.3139943e-01
   3.9596560e-01   4.3893500e-01   4.3506920e-01
   3.9780071e-01   4.4352234e-01   4.3873898e-01
   3.9963583e-01   4.4810967e-01   4.4240876e-01
   4.0147095e-01   4.5269701e-01   4.4607853e-01
   4.0330608e-01   4.5728435e-01   4.4974831e-01
   4.0514104e-01   4.6187153e-01   4.5280864e-01
   4.0697593e-01   4.6645863e-01   4.5556109e-01
   4.0881082e-01   4.7104574e-01   4.5831354e-01
   4.1064571e-01   4.7563284e-01   4.6106599e-01
   4.1283835e-01   4.8057788e-01   4.6381844e-01
   4.1559056e-01   4.8608278e-01   4.6657089e-01
   4.1834278e-01   4.9158768e-01   4.6932334e-01
   4.2109500e-01   4.9709258e-01   4.7207579e-01
   4.2405939e-01   5.0249139e-01   4.7482824e-01
   4.2864673e-01   5.0707873e-01   4.7758069e-01
   4.3323406e-01   5.1166606e-01   4.8033314e-01
   4.3782140e-01   5.1625340e-01   4.8308559e-01
   4.4240874e-01   5.2084074e-01   4.8583804e-01
   4.4776797e-01   5.2697167e-01   4.9090577e-01
   4.5327287e-01   5.3339389e-01   4.9641044e-01
   4.5877777e-01   5.3981612e-01   5.0191510e-01
   4.6428267e-01   5.4623835e-01   5.0741977e-01
   4.7082758e-01   5.5318058e-01   5.1292443e-01
   4.7816713e-01   5.6052013e-01   5.1842910e-01
   4.8550668e-01   5.6785968e-01   5.2393376e-01
   4.9284624e-01   5.7519924e-01   5.2943843e-01
   4.9991748e-01   5.8253886e-01   5.3467478e-01
   5.0633970e-01   5.8987865e-01   5.3926212e-01
   5.1276193e-01   5.9721843e-01   5.4384945e-01
   5.1918415e-01   6.0455822e-01   5.4843679e-01
   5.2568951e-01   6.1196451e-01   5.5312388e-01
   5.3669907e-01   6.2297407e-01   5.6321588e-01
   5.4770863e-01   6.3398363e-01   5.7330789e-01
   5.5871820e-01   6.4499320e-01   5.8339989e-01
   5.6972776e-01   6.5600276e-01   5.9349189e-01
   5.7869020e-01   6.6632989e-01   6.0085451e-01
   5.8694732e-01   6.7642190e-01   6.0727673e-01
   5.9520443e-01   6.8651390e-01   6.1369896e-01
   6.0346154e-01   6.9660590e-01   6.2012119e-01
   6.1257990e-01   7.0626723e-01   6.2740477e-01
   6.2267191e-01   7.1544167e-01   6.3566212e-01
   6.3276391e-01   7.2461611e-01   6.4391946e-01
   6.4285591e-01   7.3379055e-01   6.5217681e-01
   6.5259016e-01   7.4296504e-01   6.6007632e-01
   6.6084751e-01   7.5213971e-01   6.6649854e-01
   6.6910486e-01   7.6131439e-01   6.7292077e-01
   6.7736221e-01   7.7048906e-01   6.7934299e-01
   6.8561955e-01   7.7966374e-01   6.8576522e-01
   6.9725517e-01   7.8883841e-01   6.9556593e-01
   7.0918206e-01   7.9801309e-01   7.0565793e-01
   7.2110895e-01   8.0718776e-01   7.1574993e-01
   7.3303584e-01   8.1636244e-01   7.2584193e-01
   7.4259114e-01   8.2435117e-01   7.3356235e-01
   7.5084826e-01   8.3169072e-01   7.3998458e-01
   7.5910537e-01   8.3903028e-01   7.4640680e-01
   7.6736249e-01   8.4636983e-01   7.5282903e-01
   7.7698429e-01   8.5439182e-01   7.6061595e-01
   7.8891118e-01   8.6356649e-01   7.7070795e-01
   8.0083807e-01   8.7274117e-01   7.8079995e-01
   8.1276496e-01   8.8191584e-01   7.9089195e-01
   8.2451298e-01   8.9091162e-01   8.0080506e-01
   8.3460522e-01   8.9825141e-01   8.0906217e-01
   8.4469745e-01   9.0559119e-01   8.1731929e-01
   8.5478969e-01   9.1293098e-01   8.2557640e-01
   8.6488193e-01   9.2027077e-01   8.3383351e-01
   8.7421870e-01   9.2685529e-01   8.4284590e-01
   8.8339314e-01   9.3327751e-01   8.5202057e-01
   8.9256759e-01   9.3969974e-01   8.6119525e-01
   9.0174203e-01   9.4612197e-01   8.7036992e-01
   9.1091660e-01   9.5304757e-01   8.7904109e-01
   9.2009127e-01   9.6038713e-01   8.8729820e-01
   9.2926595e-01   9.6772668e-01   8.9555531e-01
   9.3844062e-01   9.7506623e-01   9.0381243e-01
   9.4711185e-01   9.8165065e-01   9.1232130e-01
   9.5445164e-01   9.8623799e-01   9.2149597e-01
   9.6179143e-01   9.9082532e-01   9.3067065e-01
   9.6913121e-01   9.9541266e-01   9.3984532e-01
   9.7647100e-01   1.0000000e+00   9.4902000e-01
