   9.8431373e-01   9.6470588e-01   7.3725490e-01
   9.8133214e-01   9.5799732e-01   7.1787460e-01
   9.7835056e-01   9.5128875e-01   6.9849430e-01
   9.7536897e-01   9.4458019e-01   6.7911400e-01
   9.7238739e-01   9.3787162e-01   6.5973370e-01
   9.6940580e-01   9.3116305e-01   6.4035340e-01
   9.6697503e-01   9.2555611e-01   6.2317633e-01
   9.6473884e-01   9.2033833e-01   6.0677762e-01
   9.6250265e-01   9.1512056e-01   5.9037890e-01
   9.6026646e-01   9.0990279e-01   5.7398018e-01
   9.5803027e-01   9.0468501e-01   5.5758147e-01
   9.5579408e-01   8.9875480e-01   5.4153897e-01
   9.5355789e-01   8.9204623e-01   5.2588565e-01
   9.5132171e-01   8.8533767e-01   5.1023233e-01
   9.4908552e-01   8.7862910e-01   4.9457901e-01
   9.4684933e-01   8.7192054e-01   4.7892569e-01
   9.4428987e-01   8.6521197e-01   4.6408054e-01
   9.4056289e-01   8.5850340e-01   4.5215420e-01
   9.3683591e-01   8.5179484e-01   4.4022786e-01
   9.3310893e-01   8.4508627e-01   4.2830152e-01
   9.2938195e-01   8.3837771e-01   4.1637518e-01
   9.2565497e-01   8.3166914e-01   4.0444884e-01
   9.2264043e-01   8.2567302e-01   3.9750960e-01
   9.1965885e-01   8.1970985e-01   3.9080103e-01
   9.1667726e-01   8.1374668e-01   3.8409246e-01
   9.1369568e-01   8.0778351e-01   3.7738390e-01
   9.1071409e-01   8.0182034e-01   3.7067533e-01
   9.0773251e-01   7.9585717e-01   3.6448462e-01
   9.0475092e-01   7.8989400e-01   3.5852145e-01
   9.0176934e-01   7.8393083e-01   3.5255828e-01
   8.9878775e-01   7.7796766e-01   3.4659511e-01
   8.9580617e-01   7.7200449e-01   3.4063194e-01
   8.9282458e-01   7.6571806e-01   3.3499204e-01
   8.8984300e-01   7.5900949e-01   3.2977427e-01
   8.8686141e-01   7.5230093e-01   3.2455649e-01
   8.8387983e-01   7.4559236e-01   3.1933872e-01
   8.8089824e-01   7.3888379e-01   3.1412095e-01
   8.7703347e-01   7.3161325e-01   3.0936801e-01
   8.6893580e-01   7.2164932e-01   3.0684290e-01
   8.6083813e-01   7.1168540e-01   3.0431780e-01
   8.5274046e-01   7.0172147e-01   3.0179269e-01
   8.4464280e-01   6.9175754e-01   2.9926758e-01
   8.3654513e-01   6.8179361e-01   2.9674248e-01
   8.2844746e-01   6.7182969e-01   2.9421737e-01
   8.2034980e-01   6.6186576e-01   2.9169226e-01
   8.0651215e-01   6.4548726e-01   2.8267637e-01
   7.9229442e-01   6.2868400e-01   2.7323068e-01
   7.7807669e-01   6.1188074e-01   2.6378499e-01
   7.6269239e-01   5.9375517e-01   2.5521173e-01
   7.2889110e-01   5.5475368e-01   2.6041193e-01
   6.9508980e-01   5.1575219e-01   2.6561213e-01
   6.6128851e-01   4.7675069e-01   2.7081233e-01
   6.2748721e-01   4.3774920e-01   2.7601253e-01
   5.9910957e-01   4.0500577e-01   2.7064360e-01
   5.7544870e-01   3.7770476e-01   2.5608306e-01
   5.6227486e-01   3.6270073e-01   2.4812350e-01
   5.6619501e-01   3.6774092e-01   2.5092360e-01
   5.7011516e-01   3.7278111e-01   2.5372371e-01
   5.7403531e-01   3.7782130e-01   2.5652382e-01
   5.7795545e-01   3.8286150e-01   2.5932392e-01
   5.8187560e-01   3.8790169e-01   2.6212403e-01
   5.8579575e-01   3.9294188e-01   2.6492414e-01
   5.9155489e-01   3.9976832e-01   2.6942691e-01
   6.0034404e-01   4.0953787e-01   2.7673510e-01
   6.0913319e-01   4.1930743e-01   2.8404328e-01
   6.1792235e-01   4.2907699e-01   2.9135147e-01
   6.2671150e-01   4.3884655e-01   2.9865965e-01
   6.3550065e-01   4.4861611e-01   3.0596784e-01
   6.4676756e-01   4.6133765e-01   3.1555895e-01
   6.5926631e-01   4.7552680e-01   3.2628503e-01
   6.7176505e-01   4.8971595e-01   3.3701111e-01
   6.8426380e-01   5.0390510e-01   3.4773719e-01
   6.9676254e-01   5.1809424e-01   3.5846327e-01
   7.0926129e-01   5.3228339e-01   3.6918935e-01
   7.2176004e-01   5.4647254e-01   3.7991543e-01
   7.3425878e-01   5.6066168e-01   3.9064151e-01
   7.4675753e-01   5.7485083e-01   4.0136759e-01
   7.5925627e-01   5.8903998e-01   4.1209367e-01
   7.7175502e-01   6.0322912e-01   4.2281975e-01
   7.8425376e-01   6.1741827e-01   4.3354584e-01
   7.9675251e-01   6.3160742e-01   4.4427192e-01
   8.0838239e-01   6.4667021e-01   4.5603995e-01
   8.1970726e-01   6.6203968e-01   4.6817374e-01
   8.3103213e-01   6.7740916e-01   4.8030754e-01
   8.4235701e-01   6.9277863e-01   4.9244133e-01
   8.5368188e-01   7.0814810e-01   5.0457513e-01
   8.6364650e-01   7.2229612e-01   5.1962378e-01
   8.7344688e-01   7.3629667e-01   5.3502437e-01
   8.8324726e-01   7.5029721e-01   5.5042497e-01
   8.9304764e-01   7.6429775e-01   5.6582556e-01
   9.0284802e-01   7.7829829e-01   5.8122616e-01
   9.1100451e-01   7.9087659e-01   5.9695922e-01
   9.1514103e-01   7.9997694e-01   6.1350531e-01
   9.1927755e-01   8.0907728e-01   6.3005139e-01
   9.2341407e-01   8.1817763e-01   6.4659748e-01
   9.2755060e-01   8.2727798e-01   6.6314356e-01
   9.3274895e-01   8.4004922e-01   6.8794159e-01
   9.3881584e-01   8.5582316e-01   7.1948945e-01
   9.4488274e-01   8.7159709e-01   7.5103731e-01
   9.4263059e-01   8.8634615e-01   7.8093468e-01
   9.2254722e-01   8.9889847e-01   8.0729431e-01
   9.0246386e-01   9.1145079e-01   8.3365395e-01
   8.8225686e-01   9.1787666e-01   8.5110108e-01
   8.6153594e-01   8.9883585e-01   8.3150032e-01
   8.4081502e-01   8.7979504e-01   8.1189957e-01
   8.2009411e-01   8.6075422e-01   7.9229882e-01
   7.9937319e-01   8.4171341e-01   7.7269807e-01
   7.7865228e-01   8.2267260e-01   7.5309732e-01
   7.5793136e-01   8.0363179e-01   7.3349657e-01
   7.3760346e-01   7.8555561e-01   7.1461031e-01
   7.1893616e-01   7.7155519e-01   6.9874295e-01
   7.0026886e-01   7.5755478e-01   6.8287559e-01
   6.8160156e-01   7.4355436e-01   6.6700823e-01
   6.6293426e-01   7.2955395e-01   6.5114087e-01
   6.4815871e-01   7.1725645e-01   6.3882507e-01
   6.3450793e-01   7.0686147e-01   6.2784191e-01
   6.2253194e-01   6.9937653e-01   6.1885982e-01
   6.1055596e-01   6.9189159e-01   6.0987774e-01
   6.0205365e-01   6.8440665e-01   6.0436933e-01
   5.9456870e-01   6.7692170e-01   5.9987829e-01
   5.8685355e-01   6.6943676e-01   5.9515703e-01
   5.7787185e-01   6.6195182e-01   5.8916923e-01
   5.6889014e-01   6.5446688e-01   5.8318143e-01
   5.6150763e-01   6.4698214e-01   5.7799312e-01
   5.5551983e-01   6.3949758e-01   5.7350208e-01
   5.4953203e-01   6.3201302e-01   5.6901104e-01
   5.4080599e-01   6.2452811e-01   5.6315122e-01
   5.3182390e-01   6.1704316e-01   5.5716342e-01
   5.2328322e-01   6.0911682e-01   5.5161691e-01
   5.1579828e-01   6.0013474e-01   5.4712587e-01
   5.0831333e-01   5.9115265e-01   5.4263483e-01
   5.0082865e-01   5.8318139e-01   5.3713322e-01
   4.9334409e-01   5.7569645e-01   5.3114542e-01
   4.8585951e-01   5.6821153e-01   5.2524070e-01
   4.7837456e-01   5.6072697e-01   5.2074966e-01
   4.7088962e-01   5.5324241e-01   5.1625862e-01
   4.6340468e-01   5.4575768e-01   5.1176774e-01
   4.5591974e-01   5.3827274e-01   5.0727708e-01
   4.4843479e-01   5.3078779e-01   5.0278642e-01
   4.4094985e-01   5.2330285e-01   4.9829545e-01
   4.3346491e-01   5.1581791e-01   4.9380441e-01
   4.2597997e-01   5.0833297e-01   4.8901920e-01
   4.1849502e-01   5.0084802e-01   4.8303140e-01
   4.1101008e-01   4.9336308e-01   4.7704360e-01
   4.0179804e-01   4.8328760e-01   4.7019214e-01
   3.9131919e-01   4.7131200e-01   4.6270720e-01
   3.8084035e-01   4.5933639e-01   4.5522225e-01
   3.7179459e-01   4.4879351e-01   4.4630459e-01
   3.6281289e-01   4.3831466e-01   4.3732289e-01
   3.5435023e-01   4.2850193e-01   4.2850114e-01
   3.4690617e-01   4.1999641e-01   4.1999329e-01
   3.3946212e-01   4.1149090e-01   4.1148545e-01
   3.3299145e-01   4.0571322e-01   4.2099463e-01
   3.2685353e-01   4.0086804e-01   4.3666291e-01
   3.2071561e-01   3.9602286e-01   4.5233120e-01
   3.1457769e-01   3.9117768e-01   4.6799948e-01
   3.0843976e-01   3.8633251e-01   4.8366777e-01
   3.1212299e-01   3.9100012e-01   4.9732823e-01
   3.2282106e-01   4.0246234e-01   5.0955460e-01
   3.3351913e-01   4.1392456e-01   5.2178097e-01
   3.4421720e-01   4.2538678e-01   5.3400733e-01
   3.5491527e-01   4.3684899e-01   5.4623370e-01
   3.6561334e-01   4.4865614e-01   5.5846006e-01
   3.7631141e-01   4.6088251e-01   5.7068643e-01
   3.8700948e-01   4.7310887e-01   5.8291279e-01
   3.9770755e-01   4.8533524e-01   5.9513916e-01
   4.0840562e-01   4.9756160e-01   6.0736553e-01
   4.1934779e-01   5.0978797e-01   6.1959189e-01
   4.3081001e-01   5.2201434e-01   6.3181826e-01
   4.4227223e-01   5.3424070e-01   6.4404462e-01
   4.5373444e-01   5.4646707e-01   6.5627099e-01
   4.6519666e-01   5.5869343e-01   6.6849735e-01
   4.7680215e-01   5.7106307e-01   6.8086699e-01
   4.8902852e-01   5.8405358e-01   6.9385751e-01
   5.0125488e-01   5.9704410e-01   7.0684802e-01
   5.1348125e-01   6.1003461e-01   7.1983853e-01
   5.2570761e-01   6.2302512e-01   7.3282905e-01
   5.3801887e-01   6.3605808e-01   7.4573468e-01
   5.5177353e-01   6.4981274e-01   7.5719689e-01
   5.6552819e-01   6.6356740e-01   7.6865911e-01
   5.7928285e-01   6.7732207e-01   7.8012133e-01
   5.9303751e-01   6.9107673e-01   7.9158355e-01
   6.0679217e-01   7.0483139e-01   8.0304576e-01
   6.2054683e-01   7.1858605e-01   8.1450798e-01
   6.3430150e-01   7.3234071e-01   8.2597020e-01
   6.4805616e-01   7.4609537e-01   8.3743242e-01
   6.6181082e-01   7.5985003e-01   8.4889464e-01
   6.7556548e-01   7.7360470e-01   8.6035685e-01
   6.9080379e-01   7.8884301e-01   8.7279769e-01
   7.0643259e-01   8.0447181e-01   8.8549609e-01
   7.2206140e-01   8.2010061e-01   8.9819449e-01
   7.3769020e-01   8.3572942e-01   9.1089290e-01
   7.5285791e-01   8.4966750e-01   9.2110324e-01
   7.6789324e-01   8.6312017e-01   9.3059924e-01
   7.8292857e-01   8.7657283e-01   9.4009524e-01
   7.9796390e-01   8.9002549e-01   9.4959123e-01
   8.1299923e-01   9.0347815e-01   9.5908723e-01
   8.2627441e-01   9.1273350e-01   9.6452130e-01
   8.3916659e-01   9.2107550e-01   9.6907148e-01
   8.5205876e-01   9.2941749e-01   9.7362166e-01
   8.6495093e-01   9.3775948e-01   9.7817184e-01
   8.7784310e-01   9.4610147e-01   9.8272202e-01
   8.7362992e-01   9.5006134e-01   9.7524951e-01
   8.6021375e-01   9.5166354e-01   9.6130858e-01
   8.4679758e-01   9.5326574e-01   9.4736765e-01
   8.3338141e-01   9.5486794e-01   9.3342673e-01
   8.1239207e-01   9.4985610e-01   9.1840677e-01
   7.8209646e-01   9.3671657e-01   9.0206086e-01
   7.5180084e-01   9.2357705e-01   8.8571494e-01
   7.2150522e-01   9.1043753e-01   8.6936903e-01
   6.9206616e-01   8.9481474e-01   8.5222744e-01
   6.6418420e-01   8.7467780e-01   8.3363946e-01
   6.3630223e-01   8.5454085e-01   8.1505149e-01
   6.0842026e-01   8.3440391e-01   7.9646351e-01
   5.8053830e-01   8.1426697e-01   7.7787553e-01
   5.5390118e-01   7.9627181e-01   7.6212493e-01
   5.3028965e-01   7.8348224e-01   7.5327058e-01
   5.0667813e-01   7.7069268e-01   7.4441623e-01
   4.8306660e-01   7.5790311e-01   7.3556187e-01
   4.5953355e-01   7.4287045e-01   7.2449236e-01
   4.3617892e-01   7.2273708e-01   7.0838566e-01
   4.1282429e-01   7.0260371e-01   6.9227896e-01
   3.8946966e-01   6.8247033e-01   6.7617227e-01
   3.6611503e-01   6.6233696e-01   6.6006557e-01
   3.4576297e-01   6.4217057e-01   6.4412819e-01
   3.2929632e-01   6.2196146e-01   6.2840993e-01
   3.1282968e-01   6.0175234e-01   6.1269167e-01
   2.9636303e-01   5.8154323e-01   5.9697340e-01
   2.7989639e-01   5.6133411e-01   5.8125514e-01
   2.6401829e-01   5.4171358e-01   5.6568404e-01
   2.5054536e-01   5.2449837e-01   5.5071434e-01
   2.3707242e-01   5.0728315e-01   5.3574465e-01
   2.2359949e-01   4.9006794e-01   5.2077496e-01
   2.1012656e-01   4.7285272e-01   5.0580526e-01
   1.9665362e-01   4.5563751e-01   4.9083557e-01
   1.8461386e-01   4.4057188e-01   4.7729887e-01
   1.7263807e-01   4.2560218e-01   4.6382613e-01
   1.6066228e-01   4.1063249e-01   4.5035338e-01
   1.4868648e-01   3.9566279e-01   4.3688064e-01
   1.3671069e-01   3.8069310e-01   4.2340790e-01
   1.2795927e-01   3.7002239e-01   4.1423413e-01
   1.2047452e-01   3.6104050e-01   4.0674919e-01
   1.1298977e-01   3.5205860e-01   3.9926425e-01
   1.0550502e-01   3.4307671e-01   3.9177931e-01
   9.8020266e-02   3.3409482e-01   3.8429437e-01
   8.9818926e-02   3.2332164e-01   3.7501823e-01
   8.0837033e-02   3.1059727e-01   3.6379100e-01
   7.1855141e-02   2.9787291e-01   3.5256378e-01
   6.2873248e-02   2.8514855e-01   3.4133656e-01
   5.3891356e-02   2.7242418e-01   3.3010934e-01
   4.4909463e-02   2.5934157e-01   3.1834467e-01
   3.5927570e-02   2.4512026e-01   3.0487174e-01
   2.6945678e-02   2.3089894e-01   2.9139880e-01
   1.7963785e-02   2.1667763e-01   2.7792587e-01
   8.9818926e-03   2.0245631e-01   2.6445293e-01
   0.0000000e+00   1.8823500e-01   2.5098000e-01
