   4.3921569e-01   7.8431373e-03   9.4117647e-02
   4.5382834e-01   1.1496300e-02   9.1682205e-02
   4.6844099e-01   1.5149463e-02   8.9246763e-02
   4.8305364e-01   1.8802626e-02   8.6811321e-02
   4.9977607e-01   2.0957999e-02   8.3574197e-02
   5.1709502e-01   2.2689894e-02   8.0110408e-02
   5.3352132e-01   2.5537194e-02   7.5419700e-02
   5.4910787e-01   2.9433830e-02   6.9574745e-02
   5.6374797e-01   3.4815162e-02   6.4084707e-02
   5.7745091e-01   4.1666631e-02   5.8946105e-02
   5.9130761e-01   4.8765668e-02   5.3877854e-02
   6.0573249e-01   5.6779489e-02   4.9069561e-02
   6.2015737e-01   6.4793311e-02   4.4261268e-02
   6.3335416e-01   7.6491412e-02   4.6821534e-02
   6.4617627e-01   8.9313527e-02   5.1629827e-02
   6.5899839e-01   1.0111153e-01   5.5926067e-02
   6.7182050e-01   1.1072812e-01   5.9131596e-02
   6.8464262e-01   1.2034471e-01   6.2337125e-02
   6.9466718e-01   1.3136007e-01   6.4143876e-02
   7.0428376e-01   1.4257942e-01   6.5746640e-02
   7.1390035e-01   1.5379877e-01   6.8032142e-02
   7.2351693e-01   1.6501812e-01   7.1237671e-02
   7.3313352e-01   1.7623747e-01   7.4443199e-02
   7.4275011e-01   1.9059575e-01   7.6079266e-02
   7.5236669e-01   2.0502063e-01   7.7682030e-02
   7.6112986e-01   2.1944550e-01   8.0991639e-02
   7.6914368e-01   2.3387038e-01   8.5799932e-02
   7.7702012e-01   2.4829526e-01   9.0470843e-02
   7.8343117e-01   2.6272014e-01   9.3676371e-02
   7.8984223e-01   2.7714502e-01   9.6881900e-02
   7.9504362e-01   2.9245660e-01   1.0092597e-01
   7.9956150e-01   3.0826919e-01   1.0544386e-01
   8.0335094e-01   3.2153221e-01   1.0923329e-01
   8.0706207e-01   3.3452118e-01   1.1294443e-01
   8.1177079e-01   3.4772865e-01   1.1634393e-01
   8.1674544e-01   3.6099437e-01   1.1966036e-01
   8.2064190e-01   3.7379775e-01   1.2260269e-01
   8.2307727e-01   3.8597459e-01   1.2503806e-01
   8.2670277e-01   3.9775536e-01   1.2866355e-01
   8.3059959e-01   4.0944584e-01   1.3256038e-01
   8.3421237e-01   4.2170407e-01   1.3475324e-01
   8.3775486e-01   4.3410279e-01   1.3652449e-01
   8.4134575e-01   4.4560587e-01   1.3831993e-01
   8.4497060e-01   4.5648042e-01   1.4013236e-01
   8.4819805e-01   4.6844123e-01   1.4231570e-01
   8.5088545e-01   4.8187822e-01   1.4500310e-01
   8.5676338e-01   4.9391892e-01   1.4798953e-01
   8.6042206e-01   5.0763042e-01   1.5061814e-01
   8.6295681e-01   5.2220375e-01   1.5294118e-01
   8.6754095e-01   5.3595617e-01   1.5381546e-01
   8.7058824e-01   5.4901785e-01   1.5686275e-01
   8.7157420e-01   5.6080661e-01   1.5784871e-01
   8.7450980e-01   5.7287146e-01   1.6084880e-01
   8.7450980e-01   5.8845770e-01   1.6396605e-01
   8.7607398e-01   6.0154192e-01   1.6627006e-01
   8.7812491e-01   6.1384752e-01   1.6832099e-01
   8.8027274e-01   6.2489310e-01   1.7415155e-01
   8.8246579e-01   6.3568910e-01   1.8067429e-01
   8.8535220e-01   6.4579153e-01   1.8789031e-01
   8.8823861e-01   6.5589396e-01   1.9510633e-01
   8.9162939e-01   6.6704504e-01   2.0214997e-01
   8.9608300e-01   6.8040586e-01   2.0883038e-01
   9.0022428e-01   6.9282971e-01   2.1722737e-01
   9.0412092e-01   7.0451961e-01   2.2696896e-01
   9.0886176e-01   7.1576274e-01   2.3534510e-01
   9.1429904e-01   7.2663730e-01   2.4259480e-01
   9.1879884e-01   7.3794046e-01   2.5051417e-01
   9.2179634e-01   7.4993047e-01   2.5950667e-01
   9.2479384e-01   7.6192048e-01   2.6849918e-01
   9.2894192e-01   7.7391048e-01   2.7864226e-01
   9.3343817e-01   7.8590049e-01   2.8913352e-01
   9.3818323e-01   7.9793509e-01   3.0012795e-01
   9.4432574e-01   8.1022010e-01   3.1394859e-01
   9.5046824e-01   8.2250511e-01   3.2776923e-01
   9.5485618e-01   8.3511099e-01   3.4482335e-01
   9.5806171e-01   8.4793311e-01   3.6405653e-01
   9.6150870e-01   8.6027230e-01   3.8328970e-01
   9.6631699e-01   8.6988889e-01   4.0252287e-01
   9.7112529e-01   8.7950547e-01   4.2175604e-01
   9.7401192e-01   8.8820453e-01   4.4207995e-01
   9.7609019e-01   8.9651762e-01   4.6286268e-01
   9.7816846e-01   9.0483072e-01   4.8364542e-01
   9.8024674e-01   9.1314381e-01   5.0442815e-01
   9.8158035e-01   9.2204286e-01   5.3083448e-01
   9.8285794e-01   9.3098601e-01   5.5766390e-01
   9.8413554e-01   9.3992915e-01   5.8449333e-01
   9.8577168e-01   9.4700828e-01   6.1156253e-01
   9.8746593e-01   9.5378530e-01   6.3867059e-01
   9.8956476e-01   9.5819221e-01   6.6294558e-01
   9.9200013e-01   9.6062758e-01   6.8486389e-01
   9.9215686e-01   9.6299405e-01   7.0837184e-01
   9.9215686e-01   9.6533663e-01   7.3368992e-01
   9.9215686e-01   9.6762878e-01   7.6348790e-01
   9.9215686e-01   9.7132003e-01   7.9352359e-01
   9.9215686e-01   9.7609149e-01   8.2374282e-01
   9.9228720e-01   9.8091349e-01   8.5397805e-01
   9.9360813e-01   9.8619721e-01   8.8435946e-01
   9.9492906e-01   9.9148093e-01   9.1474086e-01
   9.8209252e-01   9.9971028e-01   9.6374014e-01
   9.6464740e-01   9.9743483e-01   9.5615530e-01
   9.4720227e-01   9.9515938e-01   9.4857047e-01
   9.2975715e-01   9.9288393e-01   9.4098563e-01
   9.1231203e-01   9.9060847e-01   9.3340080e-01
   8.9486690e-01   9.8833302e-01   9.2581596e-01
   8.7966382e-01   9.8617046e-01   9.1723087e-01
   8.6456136e-01   9.8401297e-01   9.0860089e-01
   8.4945889e-01   9.8185547e-01   8.9997091e-01
   8.3453012e-01   9.8039216e-01   8.9216533e-01
   8.1996750e-01   9.8039216e-01   8.8609757e-01
   8.0540488e-01   9.8039216e-01   8.8002981e-01
   7.9071220e-01   9.8039216e-01   8.7412456e-01
   7.7470875e-01   9.8039216e-01   8.6985697e-01
   7.5870531e-01   9.8039216e-01   8.6558939e-01
   7.4270187e-01   9.8039216e-01   8.6132180e-01
   7.2588323e-01   9.8039216e-01   8.5716795e-01
   7.0791354e-01   9.8039216e-01   8.5317469e-01
   6.8994385e-01   9.8039216e-01   8.4918142e-01
   6.7197416e-01   9.8039216e-01   8.4518816e-01
   6.5546124e-01   9.7893539e-01   8.4265166e-01
   6.4048650e-01   9.7594044e-01   8.4165335e-01
   6.2551176e-01   9.7294549e-01   8.4065503e-01
   6.1053701e-01   9.6995054e-01   8.3965672e-01
   5.9556227e-01   9.6751288e-01   8.3977297e-01
   5.8058753e-01   9.6551625e-01   8.4077129e-01
   5.6561279e-01   9.6351961e-01   8.4176961e-01
   5.5063804e-01   9.6152298e-01   8.4276792e-01
   5.3503432e-01   9.5889737e-01   8.4628217e-01
   5.1906126e-01   9.5590242e-01   8.5127375e-01
   5.0308820e-01   9.5290747e-01   8.5626533e-01
   4.8711515e-01   9.4991252e-01   8.6125691e-01
   4.6763870e-01   9.4621689e-01   8.6484713e-01
   4.4667406e-01   9.4222363e-01   8.6784208e-01
   4.2570942e-01   9.3823037e-01   8.7083703e-01
   4.0474478e-01   9.3423710e-01   8.7383198e-01
   3.7837352e-01   9.2792671e-01   8.7219268e-01
   3.5042067e-01   9.2093850e-01   8.6919773e-01
   3.2246782e-01   9.1395029e-01   8.6620278e-01
   2.9451496e-01   9.0696207e-01   8.6320784e-01
   2.6993839e-01   8.9997386e-01   8.6358917e-01
   2.4597880e-01   8.9298565e-01   8.6458748e-01
   2.2201922e-01   8.8599744e-01   8.6558580e-01
   1.9805963e-01   8.7900922e-01   8.6658412e-01
   1.6677391e-01   8.7202101e-01   8.6758243e-01
   1.3482780e-01   8.6503280e-01   8.6858075e-01
   1.0288168e-01   8.5804458e-01   8.6957907e-01
   7.0935563e-02   8.5105637e-01   8.7057738e-01
   6.7804770e-02   8.4263000e-01   8.6780477e-01
   6.4990709e-02   8.3418781e-01   8.6499071e-01
   6.2044685e-02   8.2581668e-01   8.6204468e-01
   5.8577346e-02   8.1772623e-01   8.5857735e-01
   5.5110007e-02   8.0963577e-01   8.5511001e-01
   5.1642669e-02   8.0154531e-01   8.5164267e-01
   5.0144817e-02   7.9164425e-01   8.4930924e-01
   4.9111962e-02   7.8131570e-01   8.4724353e-01
   4.8079107e-02   7.7098715e-01   8.4517782e-01
   4.7003436e-02   7.6065508e-01   8.4310033e-01
   4.2452673e-02   7.5003663e-01   8.4006649e-01
   3.7901909e-02   7.3941818e-01   8.3703265e-01
   3.4257803e-02   7.2866992e-01   8.3425780e-01
   3.1830582e-02   7.1774742e-01   8.3183058e-01
   2.9403360e-02   7.0682493e-01   8.2940336e-01
   2.7882645e-02   6.9588089e-01   8.2701932e-01
   3.0089161e-02   6.8484831e-01   8.2481280e-01
   3.2295677e-02   6.7381573e-01   8.2260628e-01
   3.4502193e-02   6.6278315e-01   8.2039977e-01
   3.4570378e-02   6.5158613e-01   8.1816036e-01
   3.3441469e-02   6.4029705e-01   8.1590255e-01
   3.2312561e-02   6.2900796e-01   8.1364473e-01
   3.1652637e-02   6.1792731e-01   8.1148462e-01
   3.3326541e-02   6.0788389e-01   8.0981071e-01
   3.5000445e-02   5.9784047e-01   8.0813681e-01
   3.6833558e-02   5.8838123e-01   8.0476426e-01
   3.8700547e-02   5.7904629e-01   8.0103028e-01
   3.8117247e-02   5.6987995e-01   7.9780312e-01
   3.6600234e-02   5.6077787e-01   7.9476910e-01
   3.4897175e-02   5.5135340e-01   7.9175992e-01
   3.2041906e-02   5.3993233e-01   7.8890465e-01
   3.3558711e-02   5.3069642e-01   7.8604913e-01
   3.6246218e-02   5.2263390e-01   7.8336163e-01
   3.8673321e-02   5.1535259e-01   7.8093452e-01
   4.0665583e-02   5.0647601e-01   7.7894226e-01
   4.2532711e-02   4.9714037e-01   7.7707513e-01
   4.1824281e-02   4.8755278e-01   7.7515761e-01
   3.9882636e-02   4.7784455e-01   7.7321597e-01
   4.0893009e-02   4.6863917e-01   7.7003304e-01
   4.3447946e-02   4.5969689e-01   7.6620063e-01
   4.6002883e-02   4.5075461e-01   7.6236822e-01
   4.7849950e-02   4.4152094e-01   7.5920206e-01
   4.9198369e-02   4.3208200e-01   7.5650522e-01
   5.0546789e-02   4.2264306e-01   7.5380838e-01
   5.1590259e-02   4.1411904e-01   7.5050171e-01
   5.2489190e-02   4.0602867e-01   7.4690599e-01
   5.3388120e-02   3.9793829e-01   7.4331027e-01
   5.4287050e-02   3.8984792e-01   7.3971454e-01
   5.5340192e-02   3.8256080e-01   7.3637844e-01
   5.6727204e-02   3.7701275e-01   7.3360441e-01
   5.8114217e-02   3.7146470e-01   7.3083039e-01
   5.8823529e-02   3.6506977e-01   7.2822587e-01
   5.8823529e-02   3.5778846e-01   7.2579877e-01
   5.8823529e-02   3.5050715e-01   7.2337167e-01
   5.8533260e-02   3.4364669e-01   7.2098809e-01
   5.7404352e-02   3.3800215e-01   7.1873027e-01
   5.6275444e-02   3.3235761e-01   7.1647246e-01
   5.5146536e-02   3.2671307e-01   7.1421464e-01
   5.5633243e-02   3.1963994e-01   7.1080036e-01
   5.6566773e-02   3.1217170e-01   7.0706624e-01
   5.7500302e-02   3.0470347e-01   7.0333213e-01
   5.8433831e-02   2.9723523e-01   6.9959801e-01
   5.8823529e-02   2.8976700e-01   6.9640772e-01
   5.8823529e-02   2.8229877e-01   6.9360714e-01
   5.8823529e-02   2.7483053e-01   6.9080655e-01
   5.8823529e-02   2.6736230e-01   6.8800596e-01
   5.8458382e-02   2.5945877e-01   6.8481392e-01
   5.7501884e-02   2.5085029e-01   6.8098793e-01
   5.6545386e-02   2.4224181e-01   6.7716194e-01
   5.5588888e-02   2.3363332e-01   6.7333594e-01
   5.4620604e-02   2.2435606e-01   6.6918145e-01
   5.3622288e-02   2.1337458e-01   6.6418987e-01
   5.2623972e-02   2.0239310e-01   6.5919829e-01
   5.1625656e-02   1.9141162e-01   6.5420671e-01
   4.9921234e-02   1.8043015e-01   6.4850902e-01
   4.6926286e-02   1.6944867e-01   6.4152081e-01
   4.3931337e-02   1.5846719e-01   6.3453260e-01
   4.0936389e-02   1.4748571e-01   6.2754438e-01
   3.8940305e-02   1.3594422e-01   6.2050021e-01
   3.8293056e-02   1.2364650e-01   6.1338048e-01
   3.7645808e-02   1.1134878e-01   6.0626075e-01
   3.6998559e-02   9.9051053e-02   5.9914101e-01
   3.6351310e-02   8.6753331e-02   5.9202128e-01
   3.5704062e-02   7.4455609e-02   5.8490154e-01
   3.8503471e-02   6.4916110e-02   5.7718280e-01
   4.7257001e-02   6.0141458e-02   5.6842927e-01
   5.6010530e-02   5.5366805e-02   5.5967574e-01
   6.4764059e-02   5.0592153e-02   5.5092222e-01
   7.3517588e-02   4.5817501e-02   5.4216869e-01
   8.1671740e-02   4.3600164e-02   5.3355163e-01
   8.9058857e-02   4.4655467e-02   5.2510921e-01
   9.6445974e-02   4.5710769e-02   5.1666679e-01
   1.0383309e-01   4.6766072e-02   5.0822437e-01
   1.0697846e-01   4.4866600e-02   5.0040179e-01
   1.0849539e-01   4.1832758e-02   4.9281719e-01
   1.1000601e-01   3.8811517e-02   4.8526409e-01
   1.1147706e-01   3.5869409e-02   4.7790882e-01
   1.1294811e-01   3.2927301e-02   4.7055355e-01
   1.1305225e-01   3.0026065e-02   4.6195397e-01
   1.1162453e-01   2.7170633e-02   4.5195996e-01
   1.1019682e-01   2.4315201e-02   4.4196595e-01
   1.0836783e-01   2.1375276e-02   4.2700892e-01
   1.0638649e-01   1.8403272e-02   4.1016756e-01
   1.0440516e-01   1.5431267e-02   3.9332620e-01
   1.0242382e-01   1.2459262e-02   3.7648484e-01
   9.9438829e-02   1.0503728e-02   3.6056973e-01
   9.6147749e-02   8.8581883e-03   3.4493710e-01
   9.2856669e-02   7.2126484e-03   3.2930447e-01
   8.9565590e-02   5.5671085e-03   3.1367184e-01
   8.6274510e-02   3.9215686e-03   2.9803922e-01
