   8.6274510e-02   3.9215686e-03   2.9803922e-01
   8.9823299e-02   6.4564620e-03   3.1781135e-01
   9.3372089e-02   8.9913554e-03   3.3758348e-01
   9.6920878e-02   1.1526249e-02   3.5735560e-01
   1.0046967e-01   1.4061142e-02   3.7712773e-01
   1.0401846e-01   1.6596036e-02   3.9689986e-01
   1.0756725e-01   1.9130929e-02   4.1667199e-01
   1.1111604e-01   2.1665822e-02   4.3644412e-01
   1.1340168e-01   2.4661032e-02   4.5340494e-01
   1.1218083e-01   2.8934083e-02   4.6256155e-01
   1.1095998e-01   3.3207135e-02   4.7171815e-01
   1.0973913e-01   3.7480186e-02   4.8087476e-01
   1.0851828e-01   4.1753237e-02   4.9003136e-01
   1.0729743e-01   4.6026288e-02   4.9918797e-01
   1.0607659e-01   5.0299340e-02   5.0834457e-01
   9.3310212e-02   4.8761838e-02   5.1941770e-01
   7.8354748e-02   4.6122625e-02   5.3085421e-01
   6.3399284e-02   4.3483413e-02   5.4229071e-01
   4.8443820e-02   4.0844200e-02   5.5372722e-01
   3.8521432e-02   4.4422665e-02   5.6425534e-01
   3.6708533e-02   5.8019293e-02   5.7331984e-01
   3.4895634e-02   7.1615921e-02   5.8238433e-01
   3.3082735e-02   8.5212549e-02   5.9144883e-01
   3.1531298e-02   9.8939052e-02   6.0052933e-01
   3.4335436e-02   1.1482907e-01   6.0987645e-01
   3.7139573e-02   1.3071908e-01   6.1922358e-01
   3.9943710e-02   1.4660910e-01   6.2857070e-01
   4.2747847e-02   1.6249912e-01   6.3791782e-01
   4.4817151e-02   1.7590496e-01   6.4481541e-01
   4.6767936e-02   1.8891014e-01   6.5131792e-01
   4.8718722e-02   2.0191532e-01   6.5782042e-01
   5.0669507e-02   2.1492050e-01   6.6432293e-01
   5.2620293e-02   2.2792568e-01   6.7082544e-01
   5.4571078e-02   2.4093087e-01   6.7732795e-01
   5.4902000e-02   2.5087317e-01   6.8168837e-01
   5.4902000e-02   2.6018975e-01   6.8561119e-01
   5.4902000e-02   2.6950634e-01   6.8953401e-01
   5.4902000e-02   2.7882292e-01   6.9345683e-01
   5.4902000e-02   2.8813951e-01   6.9737965e-01
   5.4902000e-02   2.9745610e-01   7.0130247e-01
   5.4902000e-02   3.0677268e-01   7.0522529e-01
   5.4902000e-02   3.1608927e-01   7.0914810e-01
   5.4569856e-02   3.2428980e-01   7.1246109e-01
   5.4171027e-02   3.3226627e-01   7.1565163e-01
   5.3772199e-02   3.4024273e-01   7.1884218e-01
   5.3373370e-02   3.4821920e-01   7.2203272e-01
   5.2974542e-02   3.5619567e-01   7.2522327e-01
   5.2575714e-02   3.6417213e-01   7.2841382e-01
   5.2176885e-02   3.7214860e-01   7.3160436e-01
   5.1778057e-02   3.8012507e-01   7.3479491e-01
   5.1379228e-02   3.8810153e-01   7.3798545e-01
   5.0980400e-02   3.9607800e-01   7.4117600e-01
   4.9134957e-02   4.0715078e-01   7.4548204e-01
   4.7289514e-02   4.1822357e-01   7.4978808e-01
   4.5444071e-02   4.2929635e-01   7.5409412e-01
   4.3598627e-02   4.4036914e-01   7.5840016e-01
   4.1753184e-02   4.5144192e-01   7.6270620e-01
   3.9907741e-02   4.6251471e-01   7.6701224e-01
   3.8446759e-02   4.7358739e-01   7.7054935e-01
   3.7216453e-02   4.8466002e-01   7.7362512e-01
   3.5986147e-02   4.9573265e-01   7.7670088e-01
   3.4755841e-02   5.0680527e-01   7.7977665e-01
   3.3525535e-02   5.1787790e-01   7.8285241e-01
   3.2295229e-02   5.2895053e-01   7.8592818e-01
   3.1372500e-02   5.4020189e-01   7.8911909e-01
   3.1372500e-02   5.5198944e-01   7.9265546e-01
   3.1372500e-02   5.6377699e-01   7.9619183e-01
   3.1372500e-02   5.7556454e-01   7.9972820e-01
   3.1372500e-02   5.8735209e-01   8.0326457e-01
   3.1372500e-02   5.9913964e-01   8.0680094e-01
   3.1372500e-02   6.1092719e-01   8.1033731e-01
   3.0686504e-02   6.2391802e-01   8.1348001e-01
   2.9536055e-02   6.3772352e-01   8.1635617e-01
   2.8385606e-02   6.5152903e-01   8.1923233e-01
   2.7235157e-02   6.6533453e-01   8.2210849e-01
   2.6084708e-02   6.7914004e-01   8.2498465e-01
   2.4934259e-02   6.9294554e-01   8.2786081e-01
   2.3783810e-02   7.0675105e-01   8.3073697e-01
   2.6665553e-02   7.2010849e-01   8.3361301e-01
   3.0692146e-02   7.3333870e-01   8.3648902e-01
   3.4718740e-02   7.4656892e-01   8.3936504e-01
   3.8745334e-02   7.5979913e-01   8.4224105e-01
   4.2771927e-02   7.7302935e-01   8.4511706e-01
   4.6798521e-02   7.8625956e-01   8.4799307e-01
   5.0825114e-02   7.9948978e-01   8.5086909e-01
   5.4324345e-02   8.0936307e-01   8.5432398e-01
   5.7802423e-02   8.1910172e-01   8.5780209e-01
   6.1280500e-02   8.2884036e-01   8.6128020e-01
   6.4758577e-02   8.3857901e-01   8.6475832e-01
   6.8236655e-02   8.4831765e-01   8.6823643e-01
   8.2455994e-02   8.5780841e-01   8.7010361e-01
   1.1909686e-01   8.6678172e-01   8.6860809e-01
   1.5573773e-01   8.7575503e-01   8.6711257e-01
   1.9237860e-01   8.8472834e-01   8.6561705e-01
   2.2901946e-01   8.9370165e-01   8.6412153e-01
   2.6553303e-01   9.0264100e-01   8.6294901e-01
   3.0057390e-01   9.1118742e-01   8.6551304e-01
   3.3561478e-01   9.1973384e-01   8.6807708e-01
   3.7065565e-01   9.2828026e-01   8.7064111e-01
   4.0569652e-01   9.3682668e-01   8.7320515e-01
   4.3386584e-01   9.4280817e-01   8.7178976e-01
   4.5491440e-01   9.4613170e-01   8.6625064e-01
   4.7596296e-01   9.4945523e-01   8.6071152e-01
   4.9701151e-01   9.5277876e-01   8.5517239e-01
   5.1806007e-01   9.5610229e-01   8.4963327e-01
   5.3910863e-01   9.5942582e-01   8.4409414e-01
   5.6015719e-01   9.6274935e-01   8.3855502e-01
   5.8006686e-01   9.6607285e-01   8.3597743e-01
   5.9834625e-01   9.6939630e-01   8.3763915e-01
   6.1662565e-01   9.7271975e-01   8.3930088e-01
   6.3490505e-01   9.7604320e-01   8.4096260e-01
   6.5318444e-01   9.7936665e-01   8.4262432e-01
   6.7352015e-01   9.8039200e-01   8.4640290e-01
   6.9477334e-01   9.8039200e-01   8.5112597e-01
   7.1602653e-01   9.8039200e-01   8.5584903e-01
   7.3727972e-01   9.8039200e-01   8.6057210e-01
   7.5853291e-01   9.8039200e-01   8.6529516e-01
   7.7828853e-01   9.8039200e-01   8.7091158e-01
   7.9743112e-01   9.8039200e-01   8.7689370e-01
   8.1657370e-01   9.8039200e-01   8.8287581e-01
   8.3539909e-01   9.8138553e-01   8.9124250e-01
   8.5380705e-01   9.8368657e-01   9.0274733e-01
   8.7221500e-01   9.8598761e-01   9.1425216e-01
   8.9040416e-01   9.8823529e-01   9.2559424e-01
   8.9937725e-01   9.8823518e-01   9.3008092e-01
   9.0835034e-01   9.8823507e-01   9.3456759e-01
   9.2924904e-01   9.9035196e-01   9.4360569e-01
   9.6795995e-01   9.9563082e-01   9.5944184e-01
   9.9909045e-01   9.9909045e-01   9.6739489e-01
   9.9381232e-01   9.9381232e-01   9.3748550e-01
   9.8853419e-01   9.8853419e-01   9.0757612e-01
   9.8911712e-01   9.8470799e-01   8.8295487e-01
   9.9005188e-01   9.8096894e-01   8.5865107e-01
   9.9098664e-01   9.7722990e-01   8.3434726e-01
   9.9192141e-01   9.7349085e-01   8.1004345e-01
   9.9215689e-01   9.7082778e-01   7.8412687e-01
   9.9215693e-01   9.6852699e-01   7.5766726e-01
   9.9215697e-01   9.6622620e-01   7.3120766e-01
   9.9180703e-01   9.6400614e-01   7.0742619e-01
   9.9077548e-01   9.6194331e-01   6.8886042e-01
   9.8974393e-01   9.5988047e-01   6.7029464e-01
   9.8871238e-01   9.5781764e-01   6.5172887e-01
   9.8748761e-01   9.5312598e-01   6.3043125e-01
   9.8609640e-01   9.4616975e-01   6.0678033e-01
   9.8470520e-01   9.3921353e-01   5.8312942e-01
   9.8331399e-01   9.3225730e-01   5.5947850e-01
   9.8192278e-01   9.2530107e-01   5.3582758e-01
   9.8053157e-01   9.1834485e-01   5.1217666e-01
   9.7855712e-01   9.1091930e-01   4.9390203e-01
   9.7651763e-01   9.0344141e-01   4.7622689e-01
   9.7447814e-01   8.9596353e-01   4.5855174e-01
   9.7243866e-01   8.8848564e-01   4.4087660e-01
   9.7039917e-01   8.8100776e-01   4.2320146e-01
   9.6813694e-01   8.7323578e-01   4.0568667e-01
   9.6439806e-01   8.6351415e-01   3.8923496e-01
   9.6065917e-01   8.5379251e-01   3.7278325e-01
   9.5692029e-01   8.4407087e-01   3.5633155e-01
   9.5318140e-01   8.3434923e-01   3.3987984e-01
   9.4944251e-01   8.2462759e-01   3.2342813e-01
   9.4487457e-01   8.1358023e-01   3.1244898e-01
   9.4020101e-01   8.0236397e-01   3.0216705e-01
   9.3552745e-01   7.9114770e-01   2.9188511e-01
   9.3085389e-01   7.7993144e-01   2.8160318e-01
   9.2721159e-01   7.6986977e-01   2.7359016e-01
   9.2402941e-01   7.6032324e-01   2.6658947e-01
   9.2084724e-01   7.5077671e-01   2.5958878e-01
   9.1766506e-01   7.4123018e-01   2.5258809e-01
   9.1448288e-01   7.3168365e-01   2.4558740e-01
   9.1130070e-01   7.2213711e-01   2.3858671e-01
   9.0791793e-01   7.1198889e-01   2.3152187e-01
   9.0435703e-01   7.0130637e-01   2.2440006e-01
   9.0079613e-01   6.9062385e-01   2.1727826e-01
   8.9723523e-01   6.7994132e-01   2.1015645e-01
   8.9367432e-01   6.6925880e-01   2.0303465e-01
   8.9013568e-01   6.5862294e-01   1.9593726e-01
   8.8753464e-01   6.4995296e-01   1.8986831e-01
   8.8493360e-01   6.4128297e-01   1.8379937e-01
   8.8233256e-01   6.3261298e-01   1.7773042e-01
   8.7973152e-01   6.2394299e-01   1.7166147e-01
   8.7781586e-01   6.1407169e-01   1.6770433e-01
   8.7658559e-01   6.0299906e-01   1.6585900e-01
   8.7535531e-01   5.9192643e-01   1.6401367e-01
   8.7412504e-01   5.8085380e-01   1.6216833e-01
   8.7289476e-01   5.6978118e-01   1.6032300e-01
   8.7166449e-01   5.5870855e-01   1.5847767e-01
   8.7020353e-01   5.4755902e-01   1.5663231e-01
   8.6712776e-01   5.3587118e-01   1.5478682e-01
   8.6405200e-01   5.2418333e-01   1.5294133e-01
   8.6097624e-01   5.1249549e-01   1.5109584e-01
   8.5790047e-01   5.0080765e-01   1.4925035e-01
   8.5482471e-01   4.8911980e-01   1.4740486e-01
   8.5174894e-01   4.7743196e-01   1.4555937e-01
   8.4867329e-01   4.6712824e-01   1.4371388e-01
   8.4559769e-01   4.5728588e-01   1.4186839e-01
   8.4252208e-01   4.4744353e-01   1.4002290e-01
   8.3944647e-01   4.3760118e-01   1.3817741e-01
   8.3637086e-01   4.2775882e-01   1.3633192e-01
   8.3329525e-01   4.1791647e-01   1.3448643e-01
   8.3021959e-01   4.0784341e-01   1.3217959e-01
   8.2714382e-01   3.9738584e-01   1.2910382e-01
   8.2406806e-01   3.8692827e-01   1.2602806e-01
   8.2099229e-01   3.7647071e-01   1.2295229e-01
   8.1791653e-01   3.6601314e-01   1.1987653e-01
   8.1484076e-01   3.5555557e-01   1.1680076e-01
   8.1176500e-01   3.4509800e-01   1.1372500e-01
   8.0807402e-01   3.3279510e-01   1.1064933e-01
   8.0438304e-01   3.2049220e-01   1.0757366e-01
   8.0069206e-01   3.0818929e-01   1.0449799e-01
   7.9700108e-01   2.9588639e-01   1.0142232e-01
   7.9331010e-01   2.8358349e-01   9.8346647e-02
   7.8961912e-01   2.7128059e-01   9.5270976e-02
   7.8362137e-01   2.5859318e-01   9.2195267e-02
   7.7623957e-01   2.4567506e-01   8.9119533e-02
   7.6885776e-01   2.3275694e-01   8.6043800e-02
   7.6147596e-01   2.1983882e-01   8.2968067e-02
   7.5409416e-01   2.0692071e-01   7.9892333e-02
   7.4671235e-01   1.9400259e-01   7.6816600e-02
   7.3917678e-01   1.8200718e-01   7.4048439e-02
   7.3117992e-01   1.7277988e-01   7.2202996e-02
   7.2318306e-01   1.6355259e-01   7.0357553e-02
   7.1518620e-01   1.5432529e-01   6.8512110e-02
   7.0718933e-01   1.4509800e-01   6.6666667e-02
   6.9919247e-01   1.3587071e-01   6.4821224e-02
   6.9119561e-01   1.2664341e-01   6.2975780e-02
   6.8050745e-01   1.1687795e-01   6.0053833e-02
   6.6943482e-01   1.0703562e-01   5.6978100e-02
   6.5836220e-01   9.7193280e-02   5.3902367e-02
   6.4728957e-01   8.7350943e-02   5.0826633e-02
   6.3621694e-01   7.7508606e-02   4.7750900e-02
   6.2514431e-01   6.7666269e-02   4.4675167e-02
   6.1369136e-01   5.9786774e-02   4.5438215e-02
   6.0185809e-01   5.3870122e-02   5.0040044e-02
   5.9002482e-01   4.7953471e-02   5.4641873e-02
   5.7819155e-01   4.2036819e-02   5.9243702e-02
   5.6635828e-01   3.6120167e-02   6.3845531e-02
   5.5452501e-01   3.0203515e-02   6.8447360e-02
   5.4102198e-01   2.6251307e-02   7.2587695e-02
   5.2606640e-01   2.4007989e-02   7.6326571e-02
   5.1111082e-01   2.1764671e-02   8.0065447e-02
   4.9615524e-01   1.9521353e-02   8.3804323e-02
   4.8119966e-01   1.7278035e-02   8.7543199e-02
   4.6711279e-01   1.5107095e-02   9.0775313e-02
   4.5514807e-01   1.3112965e-02   9.2769472e-02
   4.4318335e-01   1.1118835e-02   9.4763631e-02
   4.3121864e-01   9.1247043e-03   9.6757790e-02
   4.1925392e-01   7.1305742e-03   9.8751949e-02
   4.0728920e-01   5.1364440e-03   1.0074611e-01
   3.9013770e-01   3.7389347e-03   1.0049991e-01
   3.6489990e-01   3.2715679e-03   9.6760949e-02
   3.3966210e-01   2.8042010e-03   9.3021990e-02
   3.1442430e-01   2.3368342e-03   8.9283031e-02
   2.8918650e-01   1.8694674e-03   8.5544072e-02
   2.6394870e-01   1.4021005e-03   8.1805113e-02
   2.3871090e-01   9.3473368e-04   7.8066154e-02
   2.1347309e-01   4.6736684e-04   7.4327194e-02
   1.8823529e-01   0.0000000e+00   7.0588235e-02
