   9.2941200e-01   9.9607800e-01   1.0000000e+00
   9.2341431e-01   9.9346365e-01   9.9876969e-01
   9.1741663e-01   9.9084929e-01   9.9753937e-01
   9.1141894e-01   9.8823494e-01   9.9630906e-01
   9.0542125e-01   9.8562059e-01   9.9507875e-01
   8.9942357e-01   9.8300624e-01   9.9384843e-01
   8.9342588e-01   9.8039188e-01   9.9261812e-01
   8.8742820e-01   9.7777753e-01   9.9138780e-01
   8.8143051e-01   9.7516318e-01   9.9015749e-01
   8.7543282e-01   9.7254882e-01   9.8892718e-01
   8.6943514e-01   9.6993447e-01   9.8769686e-01
   8.6343745e-01   9.6732012e-01   9.8646655e-01
   8.5743976e-01   9.6470576e-01   9.8523624e-01
   8.5144208e-01   9.6209141e-01   9.8400592e-01
   8.4544439e-01   9.5947706e-01   9.8277561e-01
   8.3944671e-01   9.5686271e-01   9.8154529e-01
   8.3344902e-01   9.5424835e-01   9.8031498e-01
   8.2745133e-01   9.5163400e-01   9.7908467e-01
   8.2145365e-01   9.4901965e-01   9.7785435e-01
   8.1545596e-01   9.4640529e-01   9.7662404e-01
   8.0945827e-01   9.4379094e-01   9.7539373e-01
   8.0346059e-01   9.4117659e-01   9.7416341e-01
   7.9746290e-01   9.3856224e-01   9.7293310e-01
   7.9146522e-01   9.3594788e-01   9.7170278e-01
   7.8546753e-01   9.3333353e-01   9.7047247e-01
   7.7946984e-01   9.3071918e-01   9.6924216e-01
   7.7324147e-01   9.2710520e-01   9.6731982e-01
   7.6678241e-01   9.2249159e-01   9.6470547e-01
   7.6032335e-01   9.1787798e-01   9.6209112e-01
   7.5386429e-01   9.1326437e-01   9.5947676e-01
   7.4740524e-01   9.0865076e-01   9.5686241e-01
   7.4094618e-01   9.0403716e-01   9.5424806e-01
   7.3448712e-01   8.9942355e-01   9.5163371e-01
   7.2802806e-01   8.9480994e-01   9.4901935e-01
   7.2156900e-01   8.9019633e-01   9.4640500e-01
   7.1510994e-01   8.8558273e-01   9.4379065e-01
   7.0865088e-01   8.8096912e-01   9.4117629e-01
   7.0219182e-01   8.7635551e-01   9.3856194e-01
   6.9573276e-01   8.7174190e-01   9.3594759e-01
   6.8927371e-01   8.6712829e-01   9.3333324e-01
   6.8281465e-01   8.6251469e-01   9.3071888e-01
   6.7635559e-01   8.5790108e-01   9.2810453e-01
   6.6989653e-01   8.5328747e-01   9.2549018e-01
   6.6343747e-01   8.4867386e-01   9.2287582e-01
   6.5697841e-01   8.4406025e-01   9.2026147e-01
   6.5051935e-01   8.3944665e-01   9.1764712e-01
   6.4406029e-01   8.3483304e-01   9.1503276e-01
   6.3760124e-01   8.3021943e-01   9.1241841e-01
   6.3114218e-01   8.2560582e-01   9.0980406e-01
   6.2468312e-01   8.2099222e-01   9.0718971e-01
   6.1822406e-01   8.1637861e-01   9.0457535e-01
   6.1176500e-01   8.1176500e-01   9.0196100e-01
   6.0776653e-01   8.0776653e-01   8.9996175e-01
   6.0376806e-01   8.0376806e-01   8.9796249e-01
   5.9976959e-01   7.9976959e-01   8.9596324e-01
   5.9577112e-01   7.9577112e-01   8.9396398e-01
   5.9177265e-01   7.9177265e-01   8.9196473e-01
   5.8777418e-01   7.8777418e-01   8.8996547e-01
   5.8377571e-01   7.8377571e-01   8.8796622e-01
   5.7977724e-01   7.7977724e-01   8.8596696e-01
   5.7577876e-01   7.7577876e-01   8.8396771e-01
   5.7178029e-01   7.7178029e-01   8.8196845e-01
   5.6778182e-01   7.6778182e-01   8.7996920e-01
   5.6378335e-01   7.6378335e-01   8.7796994e-01
   5.5978488e-01   7.5978488e-01   8.7597069e-01
   5.5578641e-01   7.5578641e-01   8.7397143e-01
   5.5178794e-01   7.5178794e-01   8.7197218e-01
   5.4778947e-01   7.4778947e-01   8.6997292e-01
   5.4379100e-01   7.4379100e-01   8.6797367e-01
   5.3979253e-01   7.3979253e-01   8.6597441e-01
   5.3579406e-01   7.3579406e-01   8.6397516e-01
   5.3179559e-01   7.3179559e-01   8.6197590e-01
   5.2779712e-01   7.2779712e-01   8.5997665e-01
   5.2379865e-01   7.2379865e-01   8.5797739e-01
   5.1980018e-01   7.1980018e-01   8.5597814e-01
   5.1580171e-01   7.1580171e-01   8.5397888e-01
   5.1180324e-01   7.1180324e-01   8.5197963e-01
   5.0826614e-01   7.0795855e-01   8.4998039e-01
   5.0519041e-01   7.0426765e-01   8.4798118e-01
   5.0211469e-01   7.0057675e-01   8.4598196e-01
   4.9903896e-01   6.9688584e-01   8.4398275e-01
   4.9596324e-01   6.9319494e-01   8.4198353e-01
   4.9288751e-01   6.8950404e-01   8.3998431e-01
   4.8981178e-01   6.8581314e-01   8.3798510e-01
   4.8673606e-01   6.8212224e-01   8.3598588e-01
   4.8366033e-01   6.7843133e-01   8.3398667e-01
   4.8058461e-01   6.7474043e-01   8.3198745e-01
   4.7750888e-01   6.7104953e-01   8.2998824e-01
   4.7443316e-01   6.6735863e-01   8.2798902e-01
   4.7135743e-01   6.6366773e-01   8.2598980e-01
   4.6828171e-01   6.5997682e-01   8.2399059e-01
   4.6520598e-01   6.5628592e-01   8.2199137e-01
   4.6213025e-01   6.5259502e-01   8.1999216e-01
   4.5905453e-01   6.4890412e-01   8.1799294e-01
   4.5597880e-01   6.4521322e-01   8.1599373e-01
   4.5290308e-01   6.4152231e-01   8.1399451e-01
   4.4982735e-01   6.3783141e-01   8.1199529e-01
   4.4675163e-01   6.3414051e-01   8.0999608e-01
   4.4367590e-01   6.3044961e-01   8.0799686e-01
   4.4060018e-01   6.2675871e-01   8.0599765e-01
   4.3752445e-01   6.2306780e-01   8.0399843e-01
   4.3444873e-01   6.1937690e-01   8.0199922e-01
   4.3137300e-01   6.1568600e-01   8.0000000e-01
   4.2798967e-01   6.1168753e-01   7.9800078e-01
   4.2460633e-01   6.0768906e-01   7.9600157e-01
   4.2122300e-01   6.0369059e-01   7.9400235e-01
   4.1783967e-01   5.9969212e-01   7.9200314e-01
   4.1445633e-01   5.9569365e-01   7.9000392e-01
   4.1107300e-01   5.9169518e-01   7.8800471e-01
   4.0768967e-01   5.8769671e-01   7.8600549e-01
   4.0430633e-01   5.8369824e-01   7.8400627e-01
   4.0092300e-01   5.7969976e-01   7.8200706e-01
   3.9753967e-01   5.7570129e-01   7.8000784e-01
   3.9415633e-01   5.7170282e-01   7.7800863e-01
   3.9077300e-01   5.6770435e-01   7.7600941e-01
   3.8738967e-01   5.6370588e-01   7.7401020e-01
   3.8400633e-01   5.5970741e-01   7.7201098e-01
   3.8062300e-01   5.5570894e-01   7.7001176e-01
   3.7723967e-01   5.5171047e-01   7.6801255e-01
   3.7385633e-01   5.4771200e-01   7.6601333e-01
   3.7047300e-01   5.4371353e-01   7.6401412e-01
   3.6708967e-01   5.3971506e-01   7.6201490e-01
   3.6370633e-01   5.3571659e-01   7.6001569e-01
   3.6032300e-01   5.3171812e-01   7.5801647e-01
   3.5693967e-01   5.2771965e-01   7.5601725e-01
   3.5355633e-01   5.2372118e-01   7.5401804e-01
   3.5017300e-01   5.1972271e-01   7.5201882e-01
   3.4678967e-01   5.1572424e-01   7.5001961e-01
   3.4386771e-01   5.1203335e-01   7.4825106e-01
   3.4140712e-01   5.0865006e-01   7.4671318e-01
   3.3894653e-01   5.0526676e-01   7.4517529e-01
   3.3648594e-01   5.0188347e-01   7.4363741e-01
   3.3402535e-01   4.9850018e-01   7.4209953e-01
   3.3156476e-01   4.9511688e-01   7.4056165e-01
   3.2910418e-01   4.9173359e-01   7.3902376e-01
   3.2664359e-01   4.8835029e-01   7.3748588e-01
   3.2418300e-01   4.8496700e-01   7.3594800e-01
   3.2172241e-01   4.8158371e-01   7.3441012e-01
   3.1926182e-01   4.7820041e-01   7.3287224e-01
   3.1680124e-01   4.7481712e-01   7.3133435e-01
   3.1434065e-01   4.7143382e-01   7.2979647e-01
   3.1188006e-01   4.6805053e-01   7.2825859e-01
   3.0941947e-01   4.6466724e-01   7.2672071e-01
   3.0695888e-01   4.6128394e-01   7.2518282e-01
   3.0449829e-01   4.5790065e-01   7.2364494e-01
   3.0203771e-01   4.5451735e-01   7.2210706e-01
   2.9957712e-01   4.5113406e-01   7.2056918e-01
   2.9711653e-01   4.4775076e-01   7.1903129e-01
   2.9465594e-01   4.4436747e-01   7.1749341e-01
   2.9219535e-01   4.4098418e-01   7.1595553e-01
   2.8973476e-01   4.3760088e-01   7.1441765e-01
   2.8727418e-01   4.3421759e-01   7.1287976e-01
   2.8481359e-01   4.3083429e-01   7.1134188e-01
   2.8235300e-01   4.2745100e-01   7.0980400e-01
   2.8019998e-01   4.2391390e-01   7.0826612e-01
   2.7804696e-01   4.2037680e-01   7.0672824e-01
   2.7589394e-01   4.1683971e-01   7.0519035e-01
   2.7374092e-01   4.1330261e-01   7.0365247e-01
   2.7158790e-01   4.0976551e-01   7.0211459e-01
   2.6943488e-01   4.0622841e-01   7.0057671e-01
   2.6728186e-01   4.0269131e-01   6.9903882e-01
   2.6512884e-01   3.9915422e-01   6.9750094e-01
   2.6297582e-01   3.9561712e-01   6.9596306e-01
   2.6082280e-01   3.9208002e-01   6.9442518e-01
   2.5866978e-01   3.8854292e-01   6.9288729e-01
   2.5651676e-01   3.8500582e-01   6.9134941e-01
   2.5436375e-01   3.8146873e-01   6.8981153e-01
   2.5221073e-01   3.7793163e-01   6.8827365e-01
   2.5005771e-01   3.7439453e-01   6.8673576e-01
   2.4790469e-01   3.7085743e-01   6.8519788e-01
   2.4575167e-01   3.6732033e-01   6.8366000e-01
   2.4359865e-01   3.6378324e-01   6.8212212e-01
   2.4144563e-01   3.6024614e-01   6.8058424e-01
   2.3929261e-01   3.5670904e-01   6.7904635e-01
   2.3713959e-01   3.5317194e-01   6.7750847e-01
   2.3498657e-01   3.4963484e-01   6.7597059e-01
   2.3283355e-01   3.4609775e-01   6.7443271e-01
   2.3068053e-01   3.4256065e-01   6.7289482e-01
   2.2852751e-01   3.3902355e-01   6.7135694e-01
   2.2645139e-01   3.3525576e-01   6.6981908e-01
   2.2445218e-01   3.3125729e-01   6.6828124e-01
   2.2245296e-01   3.2725882e-01   6.6674339e-01
   2.2045375e-01   3.2326035e-01   6.6520555e-01
   2.1845453e-01   3.1926188e-01   6.6366771e-01
   2.1645531e-01   3.1526341e-01   6.6212986e-01
   2.1445610e-01   3.1126494e-01   6.6059202e-01
   2.1245688e-01   3.0726647e-01   6.5905418e-01
   2.1045767e-01   3.0326800e-01   6.5751633e-01
   2.0845845e-01   2.9926953e-01   6.5597849e-01
   2.0645924e-01   2.9527106e-01   6.5444065e-01
   2.0446002e-01   2.9127259e-01   6.5290280e-01
   2.0246080e-01   2.8727412e-01   6.5136496e-01
   2.0046159e-01   2.8327565e-01   6.4982712e-01
   1.9846237e-01   2.7927718e-01   6.4828927e-01
   1.9646316e-01   2.7527871e-01   6.4675143e-01
   1.9446394e-01   2.7128024e-01   6.4521359e-01
   1.9246473e-01   2.6728176e-01   6.4367575e-01
   1.9046551e-01   2.6328329e-01   6.4213790e-01
   1.8846629e-01   2.5928482e-01   6.4060006e-01
   1.8646708e-01   2.5528635e-01   6.3906222e-01
   1.8446786e-01   2.5128788e-01   6.3752437e-01
   1.8246865e-01   2.4728941e-01   6.3598653e-01
   1.8046943e-01   2.4329094e-01   6.3444869e-01
   1.7847022e-01   2.3929247e-01   6.3291084e-01
   1.7647100e-01   2.3529400e-01   6.3137300e-01
   1.7447175e-01   2.3129553e-01   6.2891237e-01
   1.7247249e-01   2.2729706e-01   6.2645175e-01
   1.7047324e-01   2.2329859e-01   6.2399112e-01
   1.6847398e-01   2.1930012e-01   6.2153049e-01
   1.6647473e-01   2.1530165e-01   6.1906986e-01
   1.6447547e-01   2.1130318e-01   6.1660924e-01
   1.6247622e-01   2.0730471e-01   6.1414861e-01
   1.6047696e-01   2.0330624e-01   6.1168798e-01
   1.5847771e-01   1.9930776e-01   6.0922735e-01
   1.5647845e-01   1.9530929e-01   6.0676673e-01
   1.5447920e-01   1.9131082e-01   6.0430610e-01
   1.5247994e-01   1.8731235e-01   6.0184547e-01
   1.5048069e-01   1.8331388e-01   5.9938484e-01
   1.4848143e-01   1.7931541e-01   5.9692422e-01
   1.4648218e-01   1.7531694e-01   5.9446359e-01
   1.4448292e-01   1.7131847e-01   5.9200296e-01
   1.4248367e-01   1.6732000e-01   5.8954233e-01
   1.4048441e-01   1.6332153e-01   5.8708171e-01
   1.3848516e-01   1.5932306e-01   5.8462108e-01
   1.3648590e-01   1.5532459e-01   5.8216045e-01
   1.3448665e-01   1.5132612e-01   5.7969982e-01
   1.3248739e-01   1.4732765e-01   5.7723920e-01
   1.3048814e-01   1.4332918e-01   5.7477857e-01
   1.2848888e-01   1.3933071e-01   5.7231794e-01
   1.2648963e-01   1.3533224e-01   5.6985731e-01
   1.2572069e-01   1.3279475e-01   5.6770429e-01
   1.2618206e-01   1.3171824e-01   5.6585888e-01
   1.2664343e-01   1.3064173e-01   5.6401347e-01
   1.2710480e-01   1.2956522e-01   5.6216806e-01
   1.2756618e-01   1.2848871e-01   5.6032265e-01
   1.2802755e-01   1.2741220e-01   5.5847724e-01
   1.2848892e-01   1.2633569e-01   5.5663182e-01
   1.2895029e-01   1.2525918e-01   5.5478641e-01
   1.2941167e-01   1.2418267e-01   5.5294100e-01
   1.2987304e-01   1.2310616e-01   5.5109559e-01
   1.3033441e-01   1.2202965e-01   5.4925018e-01
   1.3079578e-01   1.2095314e-01   5.4740476e-01
   1.3125716e-01   1.1987663e-01   5.4555935e-01
   1.3171853e-01   1.1880012e-01   5.4371394e-01
   1.3217990e-01   1.1772361e-01   5.4186853e-01
   1.3264127e-01   1.1664710e-01   5.4002312e-01
   1.3310265e-01   1.1557059e-01   5.3817771e-01
   1.3356402e-01   1.1449408e-01   5.3633229e-01
   1.3402539e-01   1.1341757e-01   5.3448688e-01
   1.3448676e-01   1.1234106e-01   5.3264147e-01
   1.3494814e-01   1.1126455e-01   5.3079606e-01
   1.3540951e-01   1.1018804e-01   5.2895065e-01
   1.3587088e-01   1.0911153e-01   5.2710524e-01
   1.3633225e-01   1.0803502e-01   5.2525982e-01
   1.3679363e-01   1.0695851e-01   5.2341441e-01
   1.3725500e-01   1.0588200e-01   5.2156900e-01
