   9.4117600e-01   9.1372500e-01   8.6666700e-01
   9.3563969e-01   9.0542053e-01   8.5467155e-01
   9.3010337e-01   8.9711606e-01   8.4267610e-01
   9.2456706e-01   8.8881159e-01   8.3068065e-01
   9.1903075e-01   8.8050712e-01   8.1868520e-01
   9.1349443e-01   8.7220265e-01   8.0668975e-01
   9.0795812e-01   8.6389818e-01   7.9469429e-01
   9.0242180e-01   8.5559371e-01   7.8269884e-01
   8.9688549e-01   8.4728924e-01   7.7070339e-01
   8.9134918e-01   8.3898476e-01   7.5870794e-01
   8.8581286e-01   8.3068029e-01   7.4671249e-01
   8.8027655e-01   8.2237582e-01   7.3471704e-01
   8.7474024e-01   8.1407135e-01   7.2272159e-01
   8.6997286e-01   8.0653580e-01   7.1257161e-01
   8.6751231e-01   8.0130702e-01   7.0795804e-01
   8.6505176e-01   7.9607824e-01   7.0334447e-01
   8.6259122e-01   7.9084945e-01   6.9873090e-01
   8.6013067e-01   7.8562067e-01   6.9411733e-01
   8.5767012e-01   7.8039188e-01   6.8950376e-01
   8.5520957e-01   7.7516310e-01   6.8489020e-01
   8.5274902e-01   7.6993431e-01   6.8027663e-01
   8.5028847e-01   7.6470553e-01   6.7566306e-01
   8.4782792e-01   7.5947675e-01   6.7104949e-01
   8.4536737e-01   7.5424796e-01   6.6643592e-01
   8.4290682e-01   7.4901918e-01   6.6182235e-01
   8.4044627e-01   7.4379039e-01   6.5720878e-01
   8.3767812e-01   7.3871541e-01   6.5121110e-01
   8.3460235e-01   7.3379424e-01   6.4382929e-01
   8.3152659e-01   7.2887306e-01   6.3644749e-01
   8.2845082e-01   7.2395188e-01   6.2906569e-01
   8.2537506e-01   7.1903071e-01   6.2168388e-01
   8.2229929e-01   7.1410953e-01   6.1430208e-01
   8.1922353e-01   7.0918835e-01   6.0692027e-01
   8.1614776e-01   7.0426718e-01   5.9953847e-01
   8.1307200e-01   6.9934600e-01   5.9215667e-01
   8.0999624e-01   6.9442482e-01   5.8477486e-01
   8.0692047e-01   6.8950365e-01   5.7739306e-01
   8.0384471e-01   6.8458247e-01   5.7001125e-01
   8.0076894e-01   6.7966129e-01   5.6262945e-01
   7.9653976e-01   6.7543218e-01   5.5686247e-01
   7.9192612e-01   6.7143375e-01   5.5163376e-01
   7.8731247e-01   6.6743531e-01   5.4640506e-01
   7.8269882e-01   6.6343688e-01   5.4117635e-01
   7.7808518e-01   6.5943845e-01   5.3594765e-01
   7.7347153e-01   6.5544002e-01   5.3071894e-01
   7.6885788e-01   6.5144159e-01   5.2549024e-01
   7.6424424e-01   6.4744316e-01   5.2026153e-01
   7.5963059e-01   6.4344473e-01   5.1503282e-01
   7.5501694e-01   6.3944629e-01   5.0980412e-01
   7.5040329e-01   6.3544786e-01   5.0457541e-01
   7.4578965e-01   6.3144943e-01   4.9934671e-01
   7.4117600e-01   6.2745100e-01   4.9411800e-01
   7.3794651e-01   6.2545178e-01   4.9134980e-01
   7.3471702e-01   6.2345257e-01   4.8858161e-01
   7.3148753e-01   6.2145335e-01   4.8581341e-01
   7.2825804e-01   6.1945414e-01   4.8304522e-01
   7.2502855e-01   6.1745492e-01   4.8027702e-01
   7.2179906e-01   6.1545571e-01   4.7750882e-01
   7.1856957e-01   6.1345649e-01   4.7474063e-01
   7.1534008e-01   6.1145727e-01   4.7197243e-01
   7.1211059e-01   6.0945806e-01   4.6920424e-01
   7.0888110e-01   6.0745884e-01   4.6643604e-01
   7.0565161e-01   6.0545963e-01   4.6366784e-01
   7.0242212e-01   6.0346041e-01   4.6089965e-01
   6.9919263e-01   6.0146120e-01   4.5813145e-01
   6.9596314e-01   5.9946198e-01   4.5536325e-01
   6.9273365e-01   5.9746276e-01   4.5259506e-01
   6.8950416e-01   5.9546355e-01   4.4982686e-01
   6.8627467e-01   5.9346433e-01   4.4705867e-01
   6.8304518e-01   5.9146512e-01   4.4429047e-01
   6.7981569e-01   5.8946590e-01   4.4152227e-01
   6.7658620e-01   5.8746669e-01   4.3875408e-01
   6.7335671e-01   5.8546747e-01   4.3598588e-01
   6.7012722e-01   5.8346825e-01   4.3321769e-01
   6.6689773e-01   5.8146904e-01   4.3044949e-01
   6.6366824e-01   5.7946982e-01   4.2768129e-01
   6.6043875e-01   5.7747061e-01   4.2491310e-01
   6.5767059e-01   5.7470245e-01   4.2229871e-01
   6.5536376e-01   5.7116535e-01   4.1983812e-01
   6.5305694e-01   5.6762825e-01   4.1737753e-01
   6.5075012e-01   5.6409116e-01   4.1491694e-01
   6.4844329e-01   5.6055406e-01   4.1245635e-01
   6.4613647e-01   5.5701696e-01   4.0999576e-01
   6.4382965e-01   5.5347986e-01   4.0753518e-01
   6.4152282e-01   5.4994276e-01   4.0507459e-01
   6.3921600e-01   5.4640567e-01   4.0261400e-01
   6.3690918e-01   5.4286857e-01   4.0015341e-01
   6.3460235e-01   5.3933147e-01   3.9769282e-01
   6.3229553e-01   5.3579437e-01   3.9523224e-01
   6.2998871e-01   5.3225727e-01   3.9277165e-01
   6.2768188e-01   5.2872018e-01   3.9031106e-01
   6.2537506e-01   5.2518308e-01   3.8785047e-01
   6.2306824e-01   5.2164598e-01   3.8538988e-01
   6.2076141e-01   5.1810888e-01   3.8292929e-01
   6.1845459e-01   5.1457178e-01   3.8046871e-01
   6.1614776e-01   5.1103469e-01   3.7800812e-01
   6.1384094e-01   5.0749759e-01   3.7554753e-01
   6.1153412e-01   5.0396049e-01   3.7308694e-01
   6.0922729e-01   5.0042339e-01   3.7062635e-01
   6.0692047e-01   4.9688629e-01   3.6816576e-01
   6.0461365e-01   4.9334920e-01   3.6570518e-01
   6.0230682e-01   4.8981210e-01   3.6324459e-01
   6.0000000e-01   4.8627500e-01   3.6078400e-01
   5.9723184e-01   4.8273786e-01   3.5832341e-01
   5.9446369e-01   4.7920073e-01   3.5586282e-01
   5.9169553e-01   4.7566359e-01   3.5340224e-01
   5.8892737e-01   4.7212645e-01   3.5094165e-01
   5.8615922e-01   4.6858931e-01   3.4848106e-01
   5.8339106e-01   4.6505218e-01   3.4602047e-01
   5.8062290e-01   4.6151504e-01   3.4355988e-01
   5.7785475e-01   4.5797790e-01   3.4109929e-01
   5.7508659e-01   4.5444076e-01   3.3863871e-01
   5.7231843e-01   4.5090363e-01   3.3617812e-01
   5.6955027e-01   4.4736649e-01   3.3371753e-01
   5.6678212e-01   4.4382935e-01   3.3125694e-01
   5.6401396e-01   4.4029222e-01   3.2879635e-01
   5.6124580e-01   4.3675508e-01   3.2633576e-01
   5.5847765e-01   4.3321794e-01   3.2387518e-01
   5.5570949e-01   4.2968080e-01   3.2141459e-01
   5.5294133e-01   4.2614367e-01   3.1895400e-01
   5.5017318e-01   4.2260653e-01   3.1649341e-01
   5.4740502e-01   4.1906939e-01   3.1403282e-01
   5.4463686e-01   4.1553225e-01   3.1157224e-01
   5.4186871e-01   4.1199512e-01   3.0911165e-01
   5.3910055e-01   4.0845798e-01   3.0665106e-01
   5.3633239e-01   4.0492084e-01   3.0419047e-01
   5.3356424e-01   4.0138371e-01   3.0172988e-01
   5.3079608e-01   3.9784657e-01   2.9926929e-01
   5.2787412e-01   3.9500149e-01   2.9680871e-01
   5.2479835e-01   3.9284847e-01   2.9434812e-01
   5.2172259e-01   3.9069545e-01   2.9188753e-01
   5.1864682e-01   3.8854243e-01   2.8942694e-01
   5.1557106e-01   3.8638941e-01   2.8696635e-01
   5.1249529e-01   3.8423639e-01   2.8450576e-01
   5.0941953e-01   3.8208337e-01   2.8204518e-01
   5.0634376e-01   3.7993035e-01   2.7958459e-01
   5.0326800e-01   3.7777733e-01   2.7712400e-01
   5.0019224e-01   3.7562431e-01   2.7466341e-01
   4.9711647e-01   3.7347129e-01   2.7220282e-01
   4.9404071e-01   3.7131827e-01   2.6974224e-01
   4.9096494e-01   3.6916525e-01   2.6728165e-01
   4.8788918e-01   3.6701224e-01   2.6482106e-01
   4.8481341e-01   3.6485922e-01   2.6236047e-01
   4.8173765e-01   3.6270620e-01   2.5989988e-01
   4.7866188e-01   3.6055318e-01   2.5743929e-01
   4.7558612e-01   3.5840016e-01   2.5497871e-01
   4.7251035e-01   3.5624714e-01   2.5251812e-01
   4.6943459e-01   3.5409412e-01   2.5005753e-01
   4.6635882e-01   3.5194110e-01   2.4759694e-01
   4.6328306e-01   3.4978808e-01   2.4513635e-01
   4.6020729e-01   3.4763506e-01   2.4267576e-01
   4.5713153e-01   3.4548204e-01   2.4021518e-01
   4.5405576e-01   3.4332902e-01   2.3775459e-01
   4.5098000e-01   3.4117600e-01   2.3529400e-01
   4.4775047e-01   3.3871541e-01   2.3252584e-01
   4.4452094e-01   3.3625482e-01   2.2975769e-01
   4.4129141e-01   3.3379424e-01   2.2698953e-01
   4.3806188e-01   3.3133365e-01   2.2422137e-01
   4.3483235e-01   3.2887306e-01   2.2145322e-01
   4.3160282e-01   3.2641247e-01   2.1868506e-01
   4.2837329e-01   3.2395188e-01   2.1591690e-01
   4.2514376e-01   3.2149129e-01   2.1314875e-01
   4.2191424e-01   3.1903071e-01   2.1038059e-01
   4.1868471e-01   3.1657012e-01   2.0761243e-01
   4.1545518e-01   3.1410953e-01   2.0484427e-01
   4.1222565e-01   3.1164894e-01   2.0207612e-01
   4.0899612e-01   3.0918835e-01   1.9930796e-01
   4.0576659e-01   3.0672776e-01   1.9653980e-01
   4.0253706e-01   3.0426718e-01   1.9377165e-01
   3.9930753e-01   3.0180659e-01   1.9100349e-01
   3.9607800e-01   2.9934600e-01   1.8823533e-01
   3.9284847e-01   2.9688541e-01   1.8546718e-01
   3.8961894e-01   2.9442482e-01   1.8269902e-01
   3.8638941e-01   2.9196424e-01   1.7993086e-01
   3.8315988e-01   2.8950365e-01   1.7716271e-01
   3.7993035e-01   2.8704306e-01   1.7439455e-01
   3.7670082e-01   2.8458247e-01   1.7162639e-01
   3.7347129e-01   2.8212188e-01   1.6885824e-01
   3.7024176e-01   2.7966129e-01   1.6609008e-01
   3.6770429e-01   2.7704692e-01   1.6370637e-01
   3.6585888e-01   2.7427876e-01   1.6170712e-01
   3.6401347e-01   2.7151061e-01   1.5970786e-01
   3.6216806e-01   2.6874245e-01   1.5770861e-01
   3.6032265e-01   2.6597429e-01   1.5570935e-01
   3.5847724e-01   2.6320614e-01   1.5371010e-01
   3.5663182e-01   2.6043798e-01   1.5171084e-01
   3.5478641e-01   2.5766982e-01   1.4971159e-01
   3.5294100e-01   2.5490167e-01   1.4771233e-01
   3.5109559e-01   2.5213351e-01   1.4571308e-01
   3.4925018e-01   2.4936535e-01   1.4371382e-01
   3.4740476e-01   2.4659720e-01   1.4171457e-01
   3.4555935e-01   2.4382904e-01   1.3971531e-01
   3.4371394e-01   2.4106088e-01   1.3771606e-01
   3.4186853e-01   2.3829273e-01   1.3571680e-01
   3.4002312e-01   2.3552457e-01   1.3371755e-01
   3.3817771e-01   2.3275641e-01   1.3171829e-01
   3.3633229e-01   2.2998825e-01   1.2971904e-01
   3.3448688e-01   2.2722010e-01   1.2771978e-01
   3.3264147e-01   2.2445194e-01   1.2572053e-01
   3.3079606e-01   2.2168378e-01   1.2372127e-01
   3.2895065e-01   2.1891563e-01   1.2172202e-01
   3.2710524e-01   2.1614747e-01   1.1972276e-01
   3.2525982e-01   2.1337931e-01   1.1772351e-01
   3.2341441e-01   2.1061116e-01   1.1572425e-01
   3.2156900e-01   2.0784300e-01   1.1372500e-01
   3.1956975e-01   2.0538241e-01   1.1187959e-01
   3.1757049e-01   2.0292182e-01   1.1003418e-01
   3.1557124e-01   2.0046124e-01   1.0818876e-01
   3.1357198e-01   1.9800065e-01   1.0634335e-01
   3.1157273e-01   1.9554006e-01   1.0449794e-01
   3.0957347e-01   1.9307947e-01   1.0265253e-01
   3.0757422e-01   1.9061888e-01   1.0080712e-01
   3.0557496e-01   1.8815829e-01   9.8961706e-02
   3.0357571e-01   1.8569771e-01   9.7116294e-02
   3.0157645e-01   1.8323712e-01   9.5270882e-02
   2.9957720e-01   1.8077653e-01   9.3425471e-02
   2.9757794e-01   1.7831594e-01   9.1580059e-02
   2.9557869e-01   1.7585535e-01   8.9734647e-02
   2.9357943e-01   1.7339476e-01   8.7889235e-02
   2.9158018e-01   1.7093418e-01   8.6043824e-02
   2.8958092e-01   1.6847359e-01   8.4198412e-02
   2.8758167e-01   1.6601300e-01   8.2353000e-02
   2.8558241e-01   1.6355241e-01   8.0507588e-02
   2.8358316e-01   1.6109182e-01   7.8662176e-02
   2.8158390e-01   1.5863124e-01   7.6816765e-02
   2.7958465e-01   1.5617065e-01   7.4971353e-02
   2.7758539e-01   1.5371006e-01   7.3125941e-02
   2.7558614e-01   1.5124947e-01   7.1280529e-02
   2.7358688e-01   1.4878888e-01   6.9435118e-02
   2.7158763e-01   1.4632829e-01   6.7589706e-02
   2.6858878e-01   1.4463663e-01   6.5744255e-02
   2.6459035e-01   1.4371388e-01   6.3898765e-02
   2.6059192e-01   1.4279114e-01   6.2053275e-02
   2.5659349e-01   1.4186839e-01   6.0207784e-02
   2.5259506e-01   1.4094565e-01   5.8362294e-02
   2.4859663e-01   1.4002290e-01   5.6516804e-02
   2.4459820e-01   1.3910016e-01   5.4671314e-02
   2.4059976e-01   1.3817741e-01   5.2825824e-02
   2.3660133e-01   1.3725467e-01   5.0980333e-02
   2.3260290e-01   1.3633192e-01   4.9134843e-02
   2.2860447e-01   1.3540918e-01   4.7289353e-02
   2.2460604e-01   1.3448643e-01   4.5443863e-02
   2.2060761e-01   1.3356369e-01   4.3598373e-02
   2.1730118e-01   1.3171824e-01   4.1752941e-02
   2.1422541e-01   1.2956522e-01   3.9907529e-02
   2.1114965e-01   1.2741220e-01   3.8062118e-02
   2.0807388e-01   1.2525918e-01   3.6216706e-02
   2.0499812e-01   1.2310616e-01   3.4371294e-02
   2.0192235e-01   1.2095314e-01   3.2525882e-02
   1.9884659e-01   1.1880012e-01   3.0680471e-02
   1.9577082e-01   1.1664710e-01   2.8835059e-02
   1.9269506e-01   1.1449408e-01   2.6989647e-02
   1.8961929e-01   1.1234106e-01   2.5144235e-02
   1.8654353e-01   1.1018804e-01   2.3298824e-02
   1.8346776e-01   1.0803502e-01   2.1453412e-02
   1.8039200e-01   1.0588200e-01   1.9608000e-02
