   9.4902000e-01   1.0000000e+00   9.9215700e-01
   9.4071545e-01   9.9846212e-01   9.9031151e-01
   9.3241090e-01   9.9692424e-01   9.8846602e-01
   9.2410635e-01   9.9538635e-01   9.8662053e-01
   9.1580180e-01   9.9384847e-01   9.8477504e-01
   9.0749725e-01   9.9231059e-01   9.8292955e-01
   8.9919271e-01   9.9077271e-01   9.8108406e-01
   8.9088816e-01   9.8923482e-01   9.7923857e-01
   8.8258361e-01   9.8769694e-01   9.7739308e-01
   8.7427906e-01   9.8615906e-01   9.7554759e-01
   8.6597451e-01   9.8462118e-01   9.7370210e-01
   8.5766996e-01   9.8308329e-01   9.7185661e-01
   8.4936541e-01   9.8154541e-01   9.7001112e-01
   8.4167602e-01   9.8000753e-01   9.6847322e-01
   8.3583210e-01   9.7846965e-01   9.6785808e-01
   8.2998818e-01   9.7693176e-01   9.6724294e-01
   8.2414425e-01   9.7539388e-01   9.6662780e-01
   8.1830033e-01   9.7385600e-01   9.6601267e-01
   8.1245641e-01   9.7231812e-01   9.6539753e-01
   8.0661249e-01   9.7078024e-01   9.6478239e-01
   8.0076857e-01   9.6924235e-01   9.6416725e-01
   7.9492465e-01   9.6770447e-01   9.6355212e-01
   7.8908073e-01   9.6616659e-01   9.6293698e-01
   7.8323680e-01   9.6462871e-01   9.6232184e-01
   7.7739288e-01   9.6309082e-01   9.6170671e-01
   7.7154896e-01   9.6155294e-01   9.6109157e-01
   7.6708914e-01   9.5939992e-01   9.5978439e-01
   7.6401341e-01   9.5663176e-01   9.5778518e-01
   7.6093769e-01   9.5386361e-01   9.5578596e-01
   7.5786196e-01   9.5109545e-01   9.5378675e-01
   7.5478624e-01   9.4832729e-01   9.5178753e-01
   7.5171051e-01   9.4555914e-01   9.4978831e-01
   7.4863478e-01   9.4279098e-01   9.4778910e-01
   7.4555906e-01   9.4002282e-01   9.4578988e-01
   7.4248333e-01   9.3725467e-01   9.4379067e-01
   7.3940761e-01   9.3448651e-01   9.4179145e-01
   7.3633188e-01   9.3171835e-01   9.3979224e-01
   7.3325616e-01   9.2895020e-01   9.3779302e-01
   7.3018043e-01   9.2618204e-01   9.3579380e-01
   7.2710471e-01   9.2341388e-01   9.3379459e-01
   7.2402898e-01   9.2064573e-01   9.3179537e-01
   7.2095325e-01   9.1787757e-01   9.2979616e-01
   7.1787753e-01   9.1510941e-01   9.2779694e-01
   7.1480180e-01   9.1234125e-01   9.2579773e-01
   7.1172608e-01   9.0957310e-01   9.2379851e-01
   7.0865035e-01   9.0680494e-01   9.2179929e-01
   7.0557463e-01   9.0403678e-01   9.1980008e-01
   7.0249890e-01   9.0126863e-01   9.1780086e-01
   6.9942318e-01   8.9850047e-01   9.1580165e-01
   6.9634745e-01   8.9573231e-01   9.1380243e-01
   6.9327173e-01   8.9296416e-01   9.1180322e-01
   6.9019600e-01   8.9019600e-01   9.0980400e-01
   6.8696647e-01   8.8635133e-01   9.0672827e-01
   6.8373694e-01   8.8250667e-01   9.0365255e-01
   6.8050741e-01   8.7866200e-01   9.0057682e-01
   6.7727788e-01   8.7481733e-01   8.9750110e-01
   6.7404835e-01   8.7097267e-01   8.9442537e-01
   6.7081882e-01   8.6712800e-01   8.9134965e-01
   6.6758929e-01   8.6328333e-01   8.8827392e-01
   6.6435976e-01   8.5943867e-01   8.8519820e-01
   6.6113024e-01   8.5559400e-01   8.8212247e-01
   6.5790071e-01   8.5174933e-01   8.7904675e-01
   6.5467118e-01   8.4790467e-01   8.7597102e-01
   6.5144165e-01   8.4406000e-01   8.7289529e-01
   6.4821212e-01   8.4021533e-01   8.6981957e-01
   6.4498259e-01   8.3637067e-01   8.6674384e-01
   6.4175306e-01   8.3252600e-01   8.6366812e-01
   6.3852353e-01   8.2868133e-01   8.6059239e-01
   6.3529400e-01   8.2483667e-01   8.5751667e-01
   6.3206447e-01   8.2099200e-01   8.5444094e-01
   6.2883494e-01   8.1714733e-01   8.5136522e-01
   6.2560541e-01   8.1330267e-01   8.4828949e-01
   6.2237588e-01   8.0945800e-01   8.4521376e-01
   6.1914635e-01   8.0561333e-01   8.4213804e-01
   6.1591682e-01   8.0176867e-01   8.3906231e-01
   6.1268729e-01   7.9792400e-01   8.3598659e-01
   6.0945776e-01   7.9407933e-01   8.3291086e-01
   6.0638202e-01   7.9038845e-01   8.2998890e-01
   6.0346006e-01   7.8685135e-01   8.2722071e-01
   6.0053810e-01   7.8331425e-01   8.2445251e-01
   5.9761614e-01   7.7977716e-01   8.2168431e-01
   5.9469418e-01   7.7624006e-01   8.1891612e-01
   5.9177222e-01   7.7270296e-01   8.1614792e-01
   5.8885025e-01   7.6916586e-01   8.1337973e-01
   5.8592829e-01   7.6562876e-01   8.1061153e-01
   5.8300633e-01   7.6209167e-01   8.0784333e-01
   5.8008437e-01   7.5855457e-01   8.0507514e-01
   5.7716241e-01   7.5501747e-01   8.0230694e-01
   5.7424045e-01   7.5148037e-01   7.9953875e-01
   5.7131849e-01   7.4794327e-01   7.9677055e-01
   5.6839653e-01   7.4440618e-01   7.9400235e-01
   5.6547457e-01   7.4086908e-01   7.9123416e-01
   5.6255261e-01   7.3733198e-01   7.8846596e-01
   5.5963065e-01   7.3379488e-01   7.8569776e-01
   5.5670869e-01   7.3025778e-01   7.8292957e-01
   5.5378673e-01   7.2672069e-01   7.8016137e-01
   5.5086476e-01   7.2318359e-01   7.7739318e-01
   5.4794280e-01   7.1964649e-01   7.7462498e-01
   5.4502084e-01   7.1610939e-01   7.7185678e-01
   5.4209888e-01   7.1257229e-01   7.6908859e-01
   5.3917692e-01   7.0903520e-01   7.6632039e-01
   5.3625496e-01   7.0549810e-01   7.6355220e-01
   5.3333300e-01   7.0196100e-01   7.6078400e-01
   5.3056484e-01   6.9873147e-01   7.5847722e-01
   5.2779669e-01   6.9550194e-01   7.5617043e-01
   5.2502853e-01   6.9227241e-01   7.5386365e-01
   5.2226037e-01   6.8904288e-01   7.5155686e-01
   5.1949222e-01   6.8581335e-01   7.4925008e-01
   5.1672406e-01   6.8258382e-01   7.4694329e-01
   5.1395590e-01   6.7935429e-01   7.4463651e-01
   5.1118775e-01   6.7612476e-01   7.4232973e-01
   5.0841959e-01   6.7289524e-01   7.4002294e-01
   5.0565143e-01   6.6966571e-01   7.3771616e-01
   5.0288327e-01   6.6643618e-01   7.3540937e-01
   5.0011512e-01   6.6320665e-01   7.3310259e-01
   4.9734696e-01   6.5997712e-01   7.3079580e-01
   4.9457880e-01   6.5674759e-01   7.2848902e-01
   4.9181065e-01   6.5351806e-01   7.2618224e-01
   4.8904249e-01   6.5028853e-01   7.2387545e-01
   4.8627433e-01   6.4705900e-01   7.2156867e-01
   4.8350618e-01   6.4382947e-01   7.1926188e-01
   4.8073802e-01   6.4059994e-01   7.1695510e-01
   4.7796986e-01   6.3737041e-01   7.1464831e-01
   4.7520171e-01   6.3414088e-01   7.1234153e-01
   4.7243355e-01   6.3091135e-01   7.1003475e-01
   4.6966539e-01   6.2768182e-01   7.0772796e-01
   4.6689724e-01   6.2445229e-01   7.0542118e-01
   4.6412908e-01   6.2122276e-01   7.0311439e-01
   4.6182227e-01   6.1837771e-01   7.0096137e-01
   4.5997682e-01   6.1591712e-01   6.9896212e-01
   4.5813137e-01   6.1345653e-01   6.9696286e-01
   4.5628592e-01   6.1099594e-01   6.9496361e-01
   4.5444047e-01   6.0853535e-01   6.9296435e-01
   4.5259502e-01   6.0607476e-01   6.9096510e-01
   4.5074957e-01   6.0361418e-01   6.8896584e-01
   4.4890412e-01   6.0115359e-01   6.8696659e-01
   4.4705867e-01   5.9869300e-01   6.8496733e-01
   4.4521322e-01   5.9623241e-01   6.8296808e-01
   4.4336776e-01   5.9377182e-01   6.8096882e-01
   4.4152231e-01   5.9131124e-01   6.7896957e-01
   4.3967686e-01   5.8885065e-01   6.7697031e-01
   4.3783141e-01   5.8639006e-01   6.7497106e-01
   4.3598596e-01   5.8392947e-01   6.7297180e-01
   4.3414051e-01   5.8146888e-01   6.7097255e-01
   4.3229506e-01   5.7900829e-01   6.6897329e-01
   4.3044961e-01   5.7654771e-01   6.6697404e-01
   4.2860416e-01   5.7408712e-01   6.6497478e-01
   4.2675871e-01   5.7162653e-01   6.6297553e-01
   4.2491325e-01   5.6916594e-01   6.6097627e-01
   4.2306780e-01   5.6670535e-01   6.5897702e-01
   4.2122235e-01   5.6424476e-01   6.5697776e-01
   4.1937690e-01   5.6178418e-01   6.5497851e-01
   4.1753145e-01   5.5932359e-01   6.5297925e-01
   4.1568600e-01   5.5686300e-01   6.5098000e-01
   4.1368678e-01   5.5424861e-01   6.4898078e-01
   4.1168757e-01   5.5163422e-01   6.4698157e-01
   4.0968835e-01   5.4901982e-01   6.4498235e-01
   4.0768914e-01   5.4640543e-01   6.4298314e-01
   4.0568992e-01   5.4379104e-01   6.4098392e-01
   4.0369071e-01   5.4117665e-01   6.3898471e-01
   4.0169149e-01   5.3856225e-01   6.3698549e-01
   3.9969227e-01   5.3594786e-01   6.3498627e-01
   3.9769306e-01   5.3333347e-01   6.3298706e-01
   3.9569384e-01   5.3071908e-01   6.3098784e-01
   3.9369463e-01   5.2810469e-01   6.2898863e-01
   3.9169541e-01   5.2549029e-01   6.2698941e-01
   3.8969620e-01   5.2287590e-01   6.2499020e-01
   3.8769698e-01   5.2026151e-01   6.2299098e-01
   3.8569776e-01   5.1764712e-01   6.2099176e-01
   3.8369855e-01   5.1503273e-01   6.1899255e-01
   3.8169933e-01   5.1241833e-01   6.1699333e-01
   3.7970012e-01   5.0980394e-01   6.1499412e-01
   3.7770090e-01   5.0718955e-01   6.1299490e-01
   3.7570169e-01   5.0457516e-01   6.1099569e-01
   3.7370247e-01   5.0196076e-01   6.0899647e-01
   3.7170325e-01   4.9934637e-01   6.0699725e-01
   3.6970404e-01   4.9673198e-01   6.0499804e-01
   3.6770482e-01   4.9411759e-01   6.0299882e-01
   3.6570561e-01   4.9150320e-01   6.0099961e-01
   3.6362949e-01   4.8850435e-01   5.9876969e-01
   3.6147647e-01   4.8512106e-01   5.9630906e-01
   3.5932345e-01   4.8173776e-01   5.9384843e-01
   3.5717043e-01   4.7835447e-01   5.9138780e-01
   3.5501741e-01   4.7497118e-01   5.8892718e-01
   3.5286439e-01   4.7158788e-01   5.8646655e-01
   3.5071137e-01   4.6820459e-01   5.8400592e-01
   3.4855835e-01   4.6482129e-01   5.8154529e-01
   3.4640533e-01   4.6143800e-01   5.7908467e-01
   3.4425231e-01   4.5805471e-01   5.7662404e-01
   3.4209929e-01   4.5467141e-01   5.7416341e-01
   3.3994627e-01   4.5128812e-01   5.7170278e-01
   3.3779325e-01   4.4790482e-01   5.6924216e-01
   3.3610159e-01   4.4498288e-01   5.6747365e-01
   3.3456371e-01   4.4221473e-01   5.6593584e-01
   3.3302582e-01   4.3944657e-01   5.6439804e-01
   3.3148794e-01   4.3667841e-01   5.6286024e-01
   3.2995006e-01   4.3391025e-01   5.6132243e-01
   3.2841218e-01   4.3114210e-01   5.5978463e-01
   3.2687429e-01   4.2837394e-01   5.5824682e-01
   3.2533641e-01   4.2560578e-01   5.5670902e-01
   3.2379853e-01   4.2283763e-01   5.5517122e-01
   3.2226065e-01   4.2006947e-01   5.5363341e-01
   3.2072276e-01   4.1730131e-01   5.5209561e-01
   3.1918488e-01   4.1453316e-01   5.5055780e-01
   3.1764700e-01   4.1176500e-01   5.4902000e-01
   3.1641673e-01   4.0899684e-01   5.4748212e-01
   3.1518645e-01   4.0622869e-01   5.4594424e-01
   3.1395618e-01   4.0346053e-01   5.4440635e-01
   3.1272590e-01   4.0069237e-01   5.4286847e-01
   3.1149563e-01   3.9792422e-01   5.4133059e-01
   3.1026535e-01   3.9515606e-01   5.3979271e-01
   3.0903508e-01   3.9238790e-01   5.3825482e-01
   3.0780480e-01   3.8961975e-01   5.3671694e-01
   3.0657453e-01   3.8685159e-01   5.3517906e-01
   3.0534425e-01   3.8408343e-01   5.3364118e-01
   3.0411398e-01   3.8131527e-01   5.3210329e-01
   3.0288371e-01   3.7854712e-01   5.3056541e-01
   3.0173031e-01   3.7593275e-01   5.2902753e-01
   3.0080757e-01   3.7377973e-01   5.2748965e-01
   2.9988482e-01   3.7162671e-01   5.2595176e-01
   2.9896208e-01   3.6947369e-01   5.2441388e-01
   2.9803933e-01   3.6732067e-01   5.2287600e-01
   2.9711659e-01   3.6516765e-01   5.2133812e-01
   2.9619384e-01   3.6301463e-01   5.1980024e-01
   2.9527110e-01   3.6086161e-01   5.1826235e-01
   2.9434835e-01   3.5870859e-01   5.1672447e-01
   2.9342561e-01   3.5655557e-01   5.1518659e-01
   2.9250286e-01   3.5440255e-01   5.1364871e-01
   2.9158012e-01   3.5224953e-01   5.1211082e-01
   2.9065737e-01   3.5009651e-01   5.1057294e-01
   2.8958086e-01   3.4778969e-01   5.0903506e-01
   2.8835059e-01   3.4532906e-01   5.0749718e-01
   2.8712031e-01   3.4286843e-01   5.0595929e-01
   2.8589004e-01   3.4040780e-01   5.0442141e-01
   2.8465976e-01   3.3794718e-01   5.0288353e-01
   2.8342949e-01   3.3548655e-01   5.0134565e-01
   2.8219922e-01   3.3302592e-01   4.9980776e-01
   2.8096894e-01   3.3056529e-01   4.9826988e-01
   2.7973867e-01   3.2810467e-01   4.9673200e-01
   2.7850839e-01   3.2564404e-01   4.9519412e-01
   2.7727812e-01   3.2318341e-01   4.9365624e-01
   2.7604784e-01   3.2072278e-01   4.9211835e-01
   2.7481757e-01   3.1826216e-01   4.9058047e-01
   2.7335659e-01   3.1580159e-01   4.8835059e-01
   2.7181871e-01   3.1334104e-01   4.8589004e-01
   2.7028082e-01   3.1088049e-01   4.8342949e-01
   2.6874294e-01   3.0841994e-01   4.8096894e-01
   2.6720506e-01   3.0595939e-01   4.7850839e-01
   2.6566718e-01   3.0349884e-01   4.7604784e-01
   2.6412929e-01   3.0103829e-01   4.7358729e-01
   2.6259141e-01   2.9857775e-01   4.7112675e-01
   2.6105353e-01   2.9611720e-01   4.6866620e-01
   2.5951565e-01   2.9365665e-01   4.6620565e-01
   2.5797776e-01   2.9119610e-01   4.6374510e-01
   2.5643988e-01   2.8873555e-01   4.6128455e-01
   2.5490200e-01   2.8627500e-01   4.5882400e-01
