   8.0000000e-01   1.0000000e+00   9.8431400e-01
   7.6847373e-01   9.9384843e-01   9.7970027e-01
   7.3694745e-01   9.8769686e-01   9.7508655e-01
   7.0542118e-01   9.8154529e-01   9.7047282e-01
   6.7389490e-01   9.7539373e-01   9.6585910e-01
   6.4236863e-01   9.6924216e-01   9.6124537e-01
   6.2952741e-01   9.6262935e-01   9.5709318e-01
   6.1876231e-01   9.5596530e-01   9.5299226e-01
   6.0799722e-01   9.4930125e-01   9.4889135e-01
   5.9723212e-01   9.4263720e-01   9.4479043e-01
   5.8646702e-01   9.3597314e-01   9.4068952e-01
   5.7570192e-01   9.2930909e-01   9.3658860e-01
   5.6493682e-01   9.2264504e-01   9.3248769e-01
   5.5532512e-01   9.1633980e-01   9.2887375e-01
   5.4917359e-01   9.1111102e-01   9.2672073e-01
   5.4302206e-01   9.0588224e-01   9.2456771e-01
   5.3687053e-01   9.0065345e-01   9.2241469e-01
   5.3071900e-01   8.9542467e-01   9.2026167e-01
   5.2456747e-01   8.9019588e-01   9.1810865e-01
   5.1841594e-01   8.8496710e-01   9.1595563e-01
   5.1226441e-01   8.7973831e-01   9.1380261e-01
   5.0611288e-01   8.7450953e-01   9.1164959e-01
   4.9996135e-01   8.6928075e-01   9.0949657e-01
   4.9380982e-01   8.6405196e-01   9.0734355e-01
   4.8765829e-01   8.5882318e-01   9.0519053e-01
   4.8150676e-01   8.5359439e-01   9.0303751e-01
   4.7535527e-01   8.4805808e-01   9.0073069e-01
   4.6920382e-01   8.4221424e-01   8.9827006e-01
   4.6305237e-01   8.3637039e-01   8.9580943e-01
   4.5690092e-01   8.3052655e-01   8.9334880e-01
   4.5074947e-01   8.2468271e-01   8.9088818e-01
   4.4459802e-01   8.1883886e-01   8.8842755e-01
   4.3844657e-01   8.1299502e-01   8.8596692e-01
   4.3229512e-01   8.0715118e-01   8.8350629e-01
   4.2614367e-01   8.0130733e-01   8.8104567e-01
   4.1999222e-01   7.9546349e-01   8.7858504e-01
   4.1384076e-01   7.8961965e-01   8.7612441e-01
   4.0768931e-01   7.8377580e-01   8.7366378e-01
   4.0153786e-01   7.7793196e-01   8.7120316e-01
   3.9653976e-01   7.7231871e-01   8.6943459e-01
   3.9192612e-01   7.6678231e-01   8.6789671e-01
   3.8731247e-01   7.6124592e-01   8.6635882e-01
   3.8269882e-01   7.5570953e-01   8.6482094e-01
   3.7808518e-01   7.5017314e-01   8.6328306e-01
   3.7347153e-01   7.4463675e-01   8.6174518e-01
   3.6885788e-01   7.3910035e-01   8.6020729e-01
   3.6424424e-01   7.3356396e-01   8.5866941e-01
   3.5963059e-01   7.2802757e-01   8.5713153e-01
   3.5501694e-01   7.2249118e-01   8.5559365e-01
   3.5040329e-01   7.1695478e-01   8.5405576e-01
   3.4578965e-01   7.1141839e-01   8.5251788e-01
   3.4117600e-01   7.0588200e-01   8.5098000e-01
   3.3656243e-01   7.0065329e-01   8.4944220e-01
   3.3194886e-01   6.9542459e-01   8.4790439e-01
   3.2733529e-01   6.9019588e-01   8.4636659e-01
   3.2272173e-01   6.8496718e-01   8.4482878e-01
   3.1810816e-01   6.7973847e-01   8.4329098e-01
   3.1349459e-01   6.7450976e-01   8.4175318e-01
   3.0888102e-01   6.6928106e-01   8.4021537e-01
   3.0426745e-01   6.6405235e-01   8.3867757e-01
   2.9965388e-01   6.5882365e-01   8.3713976e-01
   2.9504031e-01   6.5359494e-01   8.3560196e-01
   2.9042675e-01   6.4836624e-01   8.3406416e-01
   2.8581318e-01   6.4313753e-01   8.3252635e-01
   2.8127649e-01   6.3798571e-01   8.3098853e-01
   2.7697045e-01   6.3306453e-01   8.2945065e-01
   2.7266441e-01   6.2814335e-01   8.2791276e-01
   2.6835837e-01   6.2322218e-01   8.2637488e-01
   2.6405233e-01   6.1830100e-01   8.2483700e-01
   2.5974629e-01   6.1337982e-01   8.2329912e-01
   2.5544025e-01   6.0845865e-01   8.2176124e-01
   2.5113422e-01   6.0353747e-01   8.2022335e-01
   2.4682818e-01   5.9861629e-01   8.1868547e-01
   2.4252214e-01   5.9369512e-01   8.1714759e-01
   2.3821610e-01   5.8877394e-01   8.1560971e-01
   2.3391006e-01   5.8385276e-01   8.1407182e-01
   2.2960402e-01   5.7893159e-01   8.1253394e-01
   2.2529798e-01   5.7354904e-01   8.1084225e-01
   2.2099194e-01   5.6770512e-01   8.0899676e-01
   2.1668590e-01   5.6186120e-01   8.0715127e-01
   2.1237986e-01   5.5601727e-01   8.0530578e-01
   2.0807382e-01   5.5017335e-01   8.0346029e-01
   2.0376778e-01   5.4432943e-01   8.0161480e-01
   1.9946175e-01   5.3848551e-01   7.9976931e-01
   1.9515571e-01   5.3264159e-01   7.9792382e-01
   1.9084967e-01   5.2679767e-01   7.9607833e-01
   1.8654363e-01   5.2095375e-01   7.9423284e-01
   1.8223759e-01   5.1510982e-01   7.9238735e-01
   1.7793155e-01   5.0926590e-01   7.9054186e-01
   1.7362551e-01   5.0342198e-01   7.8869637e-01
   1.6955018e-01   4.9803941e-01   7.8708159e-01
   1.6555175e-01   4.9281063e-01   7.8554371e-01
   1.6155331e-01   4.8758184e-01   7.8400582e-01
   1.5755488e-01   4.8235306e-01   7.8246794e-01
   1.5355645e-01   4.7712427e-01   7.8093006e-01
   1.4955802e-01   4.7189549e-01   7.7939218e-01
   1.4555959e-01   4.6666671e-01   7.7785429e-01
   1.4156116e-01   4.6143792e-01   7.7631641e-01
   1.3756273e-01   4.5620914e-01   7.7477853e-01
   1.3356429e-01   4.5098035e-01   7.7324065e-01
   1.2956586e-01   4.4575157e-01   7.7170276e-01
   1.2556743e-01   4.4052278e-01   7.7016488e-01
   1.2156900e-01   4.3529400e-01   7.6862700e-01
   1.1910837e-01   4.2975769e-01   7.6708920e-01
   1.1664775e-01   4.2422137e-01   7.6555139e-01
   1.1418712e-01   4.1868506e-01   7.6401359e-01
   1.1172649e-01   4.1314875e-01   7.6247578e-01
   1.0926586e-01   4.0761243e-01   7.6093798e-01
   1.0680524e-01   4.0207612e-01   7.5940018e-01
   1.0434461e-01   3.9653980e-01   7.5786237e-01
   1.0188398e-01   3.9100349e-01   7.5632457e-01
   9.9423353e-02   3.8546718e-01   7.5478676e-01
   9.6962725e-02   3.7993086e-01   7.5324896e-01
   9.4502098e-02   3.7439455e-01   7.5171116e-01
   9.2041471e-02   3.6885824e-01   7.5017335e-01
   9.0170373e-02   3.6437279e-01   7.4889184e-01
   9.0067863e-02   3.6303995e-01   7.4837922e-01
   8.9965353e-02   3.6170712e-01   7.4786659e-01
   8.9862843e-02   3.6037428e-01   7.4735396e-01
   8.9760333e-02   3.5904144e-01   7.4684133e-01
   8.9657824e-02   3.5770861e-01   7.4632871e-01
   8.9555314e-02   3.5637577e-01   7.4581608e-01
   8.9452804e-02   3.5504293e-01   7.4530345e-01
   8.9350294e-02   3.5371010e-01   7.4479082e-01
   8.9247784e-02   3.5237726e-01   7.4427820e-01
   8.9145275e-02   3.5104442e-01   7.4376557e-01
   8.9042765e-02   3.4971159e-01   7.4325294e-01
   8.8940255e-02   3.4837875e-01   7.4274031e-01
   8.8837745e-02   3.4704592e-01   7.4222769e-01
   8.8735235e-02   3.4571308e-01   7.4171506e-01
   8.8632725e-02   3.4438024e-01   7.4120243e-01
   8.8530216e-02   3.4304741e-01   7.4068980e-01
   8.8427706e-02   3.4171457e-01   7.4017718e-01
   8.8325196e-02   3.4038173e-01   7.3966455e-01
   8.8222686e-02   3.3904890e-01   7.3915192e-01
   8.8120176e-02   3.3771606e-01   7.3863929e-01
   8.8017667e-02   3.3638322e-01   7.3812667e-01
   8.7915157e-02   3.3505039e-01   7.3761404e-01
   8.7812647e-02   3.3371755e-01   7.3710141e-01
   8.7710137e-02   3.3238471e-01   7.3658878e-01
   8.7607627e-02   3.3105188e-01   7.3607616e-01
   8.7505118e-02   3.2971904e-01   7.3556353e-01
   8.7402608e-02   3.2838620e-01   7.3505090e-01
   8.7300098e-02   3.2705337e-01   7.3453827e-01
   8.7197588e-02   3.2572053e-01   7.3402565e-01
   8.7095078e-02   3.2438769e-01   7.3351302e-01
   8.6992569e-02   3.2305486e-01   7.3300039e-01
   8.6890059e-02   3.2172202e-01   7.3248776e-01
   8.6787549e-02   3.2038918e-01   7.3197514e-01
   8.6685039e-02   3.1905635e-01   7.3146251e-01
   8.6582529e-02   3.1772351e-01   7.3094988e-01
   8.6480020e-02   3.1639067e-01   7.3043725e-01
   8.6377510e-02   3.1505784e-01   7.2992463e-01
   8.6275000e-02   3.1372500e-01   7.2941200e-01
   8.5659784e-02   3.0941904e-01   7.2787412e-01
   8.5044569e-02   3.0511308e-01   7.2633624e-01
   8.4429353e-02   3.0080712e-01   7.2479835e-01
   8.3814137e-02   2.9650116e-01   7.2326047e-01
   8.3198922e-02   2.9219520e-01   7.2172259e-01
   8.2583706e-02   2.8788924e-01   7.2018471e-01
   8.1968490e-02   2.8358327e-01   7.1864682e-01
   8.1353275e-02   2.7927731e-01   7.1710894e-01
   8.0738059e-02   2.7497135e-01   7.1557106e-01
   8.0122843e-02   2.7066539e-01   7.1403318e-01
   7.9507627e-02   2.6635943e-01   7.1249529e-01
   7.8892412e-02   2.6205347e-01   7.1095741e-01
   7.8507902e-02   2.5790127e-01   7.0918884e-01
   7.8815510e-02   2.5421037e-01   7.0672822e-01
   7.9123118e-02   2.5051947e-01   7.0426759e-01
   7.9430725e-02   2.4682857e-01   7.0180696e-01
   7.9738333e-02   2.4313767e-01   6.9934633e-01
   8.0045941e-02   2.3944676e-01   6.9688571e-01
   8.0353549e-02   2.3575586e-01   6.9442508e-01
   8.0661157e-02   2.3206496e-01   6.9196445e-01
   8.0968765e-02   2.2837406e-01   6.8950382e-01
   8.1276373e-02   2.2468316e-01   6.8704320e-01
   8.1583980e-02   2.2099225e-01   6.8458257e-01
   8.1891588e-02   2.1730135e-01   6.8212194e-01
   8.2199196e-02   2.1361045e-01   6.7966131e-01
   8.2660569e-02   2.0991955e-01   6.7689316e-01
   8.3275706e-02   2.0622865e-01   6.7381747e-01
   8.3890843e-02   2.0253775e-01   6.7074178e-01
   8.4505980e-02   1.9884684e-01   6.6766610e-01
   8.5121118e-02   1.9515594e-01   6.6459041e-01
   8.5736255e-02   1.9146504e-01   6.6151473e-01
   8.6351392e-02   1.8777414e-01   6.5843904e-01
   8.6966529e-02   1.8408324e-01   6.5536335e-01
   8.7581667e-02   1.8039233e-01   6.5228767e-01
   8.8196804e-02   1.7670143e-01   6.4921198e-01
   8.8811941e-02   1.7301053e-01   6.4613629e-01
   8.9427078e-02   1.6931963e-01   6.4306061e-01
   9.0042216e-02   1.6562873e-01   6.3998492e-01
   9.0888059e-02   1.6286053e-01   6.3690918e-01
   9.1810804e-02   1.6039990e-01   6.3383341e-01
   9.2733549e-02   1.5793927e-01   6.3075765e-01
   9.3656294e-02   1.5547865e-01   6.2768188e-01
   9.4579039e-02   1.5301802e-01   6.2460612e-01
   9.5501784e-02   1.5055739e-01   6.2153035e-01
   9.6424529e-02   1.4809676e-01   6.1845459e-01
   9.7347275e-02   1.4563614e-01   6.1537882e-01
   9.8270020e-02   1.4317551e-01   6.1230306e-01
   9.9192765e-02   1.4071488e-01   6.0922729e-01
   1.0011551e-01   1.3825425e-01   6.0615153e-01
   1.0103825e-01   1.3579363e-01   6.0307576e-01
   1.0196100e-01   1.3333300e-01   6.0000000e-01
   1.0257614e-01   1.3148759e-01   5.9600157e-01
   1.0319127e-01   1.2964218e-01   5.9200314e-01
   1.0380641e-01   1.2779676e-01   5.8800471e-01
   1.0442155e-01   1.2595135e-01   5.8400627e-01
   1.0503669e-01   1.2410594e-01   5.8000784e-01
   1.0565182e-01   1.2226053e-01   5.7600941e-01
   1.0626696e-01   1.2041512e-01   5.7201098e-01
   1.0688210e-01   1.1856971e-01   5.6801255e-01
   1.0749724e-01   1.1672429e-01   5.6401412e-01
   1.0811237e-01   1.1487888e-01   5.6001569e-01
   1.0872751e-01   1.1303347e-01   5.5601725e-01
   1.0934265e-01   1.1118806e-01   5.5201882e-01
   1.1064982e-01   1.0988088e-01   5.4809727e-01
   1.1403312e-01   1.1018841e-01   5.4440637e-01
   1.1741641e-01   1.1049594e-01   5.4071547e-01
   1.2079971e-01   1.1080347e-01   5.3702457e-01
   1.2418300e-01   1.1111100e-01   5.3333367e-01
   1.2756629e-01   1.1141853e-01   5.2964276e-01
   1.3094959e-01   1.1172606e-01   5.2595186e-01
   1.3433288e-01   1.1203359e-01   5.2226096e-01
   1.3771618e-01   1.1234112e-01   5.1857006e-01
   1.4109947e-01   1.1264865e-01   5.1487916e-01
   1.4448276e-01   1.1295618e-01   5.1118825e-01
   1.4786606e-01   1.1326371e-01   5.0749735e-01
   1.5124935e-01   1.1357124e-01   5.0380645e-01
   1.5340237e-01   1.1357124e-01   4.9873147e-01
   1.5432512e-01   1.1326371e-01   4.9227241e-01
   1.5524786e-01   1.1295618e-01   4.8581335e-01
   1.5617061e-01   1.1264865e-01   4.7935429e-01
   1.5709335e-01   1.1234112e-01   4.7289524e-01
   1.5801610e-01   1.1203359e-01   4.6643618e-01
   1.5893884e-01   1.1172606e-01   4.5997712e-01
   1.5986159e-01   1.1141853e-01   4.5351806e-01
   1.6078433e-01   1.1111100e-01   4.4705900e-01
   1.6170708e-01   1.1080347e-01   4.4059994e-01
   1.6262982e-01   1.1049594e-01   4.3414088e-01
   1.6355257e-01   1.1018841e-01   4.2768182e-01
   1.6447531e-01   1.0988088e-01   4.2122276e-01
   1.6262988e-01   1.0680518e-01   4.1268759e-01
   1.5986173e-01   1.0280675e-01   4.0346037e-01
   1.5709357e-01   9.8808314e-02   3.9423316e-01
   1.5432541e-01   9.4809882e-02   3.8500594e-01
   1.5155725e-01   9.0811451e-02   3.7577873e-01
   1.4878910e-01   8.6813020e-02   3.6655151e-01
   1.4602094e-01   8.2814588e-02   3.5732429e-01
   1.4325278e-01   7.8816157e-02   3.4809708e-01
   1.4048463e-01   7.4817725e-02   3.3886986e-01
   1.3771647e-01   7.0819294e-02   3.2964265e-01
   1.3494831e-01   6.6820863e-02   3.2041543e-01
   1.3218016e-01   6.2822431e-02   3.1118822e-01
   1.2941200e-01   5.8824000e-02   3.0196100e-01
