   1.1765000e-02   1.5686000e-02   1.0196100e-01
   1.3918020e-02   1.8146588e-02   1.0580567e-01
   1.6071039e-02   2.0607176e-02   1.0965033e-01
   1.8224059e-02   2.3067765e-02   1.1349500e-01
   2.0377078e-02   2.5528353e-02   1.1733967e-01
   2.2530098e-02   2.7988941e-02   1.2118433e-01
   2.4683118e-02   3.0449529e-02   1.2502900e-01
   2.6836137e-02   3.2910118e-02   1.2887367e-01
   2.8989157e-02   3.5370706e-02   1.3271833e-01
   3.1142176e-02   3.7831294e-02   1.3656300e-01
   3.3295196e-02   4.0291882e-02   1.4040767e-01
   3.5448216e-02   4.2752471e-02   1.4425233e-01
   3.7601235e-02   4.5213059e-02   1.4809700e-01
   3.9754255e-02   4.7673647e-02   1.5194167e-01
   4.1907275e-02   5.0134235e-02   1.5578633e-01
   4.4060294e-02   5.2594824e-02   1.5963100e-01
   4.6213314e-02   5.5055412e-02   1.6347567e-01
   4.8366333e-02   5.7516000e-02   1.6732033e-01
   5.0519353e-02   5.9976588e-02   1.7116500e-01
   5.2672373e-02   6.2437176e-02   1.7500967e-01
   5.4825392e-02   6.4897765e-02   1.7885433e-01
   5.6978412e-02   6.7358353e-02   1.8269900e-01
   5.9131431e-02   6.9818941e-02   1.8654367e-01
   6.1284451e-02   7.2279529e-02   1.9038833e-01
   6.3437471e-02   7.4740118e-02   1.9423300e-01
   6.5590490e-02   7.7200706e-02   1.9807767e-01
   6.7666608e-02   8.0199549e-02   2.0238371e-01
   6.9665824e-02   8.3736647e-02   2.0715112e-01
   7.1665039e-02   8.7273745e-02   2.1191853e-01
   7.3664255e-02   9.0810843e-02   2.1668594e-01
   7.5663471e-02   9.4347941e-02   2.2145335e-01
   7.7662686e-02   9.7885039e-02   2.2622076e-01
   7.9661902e-02   1.0142214e-01   2.3098818e-01
   8.1661118e-02   1.0495924e-01   2.3575559e-01
   8.3660333e-02   1.0849633e-01   2.4052300e-01
   8.5659549e-02   1.1203343e-01   2.4529041e-01
   8.7658765e-02   1.1557053e-01   2.5005782e-01
   8.9657980e-02   1.1910763e-01   2.5482524e-01
   9.1657196e-02   1.2264473e-01   2.5959265e-01
   9.3656412e-02   1.2618182e-01   2.6436006e-01
   9.5655627e-02   1.2971892e-01   2.6912747e-01
   9.7654843e-02   1.3325602e-01   2.7389488e-01
   9.9654059e-02   1.3679312e-01   2.7866229e-01
   1.0165327e-01   1.4033022e-01   2.8342971e-01
   1.0365249e-01   1.4386731e-01   2.8819712e-01
   1.0565171e-01   1.4740441e-01   2.9296453e-01
   1.0765092e-01   1.5094151e-01   2.9773194e-01
   1.0965014e-01   1.5447861e-01   3.0249935e-01
   1.1164935e-01   1.5801571e-01   3.0726676e-01
   1.1364857e-01   1.6155280e-01   3.1203418e-01
   1.1564778e-01   1.6508990e-01   3.1680159e-01
   1.1764700e-01   1.6862700e-01   3.2156900e-01
   1.1949245e-01   1.7124139e-01   3.2464473e-01
   1.2133790e-01   1.7385578e-01   3.2772045e-01
   1.2318335e-01   1.7647018e-01   3.3079618e-01
   1.2502880e-01   1.7908457e-01   3.3387190e-01
   1.2687425e-01   1.8169896e-01   3.3694763e-01
   1.2871971e-01   1.8431335e-01   3.4002335e-01
   1.3056516e-01   1.8692775e-01   3.4309908e-01
   1.3241061e-01   1.8954214e-01   3.4617480e-01
   1.3425606e-01   1.9215653e-01   3.4925053e-01
   1.3610151e-01   1.9477092e-01   3.5232625e-01
   1.3794696e-01   1.9738531e-01   3.5540198e-01
   1.3979241e-01   1.9999971e-01   3.5847771e-01
   1.4163786e-01   2.0261410e-01   3.6155343e-01
   1.4348331e-01   2.0522849e-01   3.6462916e-01
   1.4532876e-01   2.0784288e-01   3.6770488e-01
   1.4717422e-01   2.1045727e-01   3.7078061e-01
   1.4901967e-01   2.1307167e-01   3.7385633e-01
   1.5086512e-01   2.1568606e-01   3.7693206e-01
   1.5271057e-01   2.1830045e-01   3.8000778e-01
   1.5455602e-01   2.2091484e-01   3.8308351e-01
   1.5640147e-01   2.2352924e-01   3.8615924e-01
   1.5824692e-01   2.2614363e-01   3.8923496e-01
   1.6009237e-01   2.2875802e-01   3.9231069e-01
   1.6193782e-01   2.3137241e-01   3.9538641e-01
   1.6378327e-01   2.3398680e-01   3.9846214e-01
   1.6609008e-01   2.3721633e-01   4.0199924e-01
   1.6885824e-01   2.4106100e-01   4.0599771e-01
   1.7162639e-01   2.4490567e-01   4.0999618e-01
   1.7439455e-01   2.4875033e-01   4.1399465e-01
   1.7716271e-01   2.5259500e-01   4.1799312e-01
   1.7993086e-01   2.5643967e-01   4.2199159e-01
   1.8269902e-01   2.6028433e-01   4.2599006e-01
   1.8546718e-01   2.6412900e-01   4.2998853e-01
   1.8823533e-01   2.6797367e-01   4.3398700e-01
   1.9100349e-01   2.7181833e-01   4.3798547e-01
   1.9377165e-01   2.7566300e-01   4.4198394e-01
   1.9653980e-01   2.7950767e-01   4.4598241e-01
   1.9930796e-01   2.8335233e-01   4.4998088e-01
   2.0207612e-01   2.8719700e-01   4.5397935e-01
   2.0484427e-01   2.9104167e-01   4.5797782e-01
   2.0761243e-01   2.9488633e-01   4.6197629e-01
   2.1038059e-01   2.9873100e-01   4.6597476e-01
   2.1314875e-01   3.0257567e-01   4.6997324e-01
   2.1591690e-01   3.0642033e-01   4.7397171e-01
   2.1868506e-01   3.1026500e-01   4.7797018e-01
   2.2145322e-01   3.1410967e-01   4.8196865e-01
   2.2422137e-01   3.1795433e-01   4.8596712e-01
   2.2698953e-01   3.2179900e-01   4.8996559e-01
   2.2975769e-01   3.2564367e-01   4.9396406e-01
   2.3252584e-01   3.2948833e-01   4.9796253e-01
   2.3529400e-01   3.3333300e-01   5.0196100e-01
   2.3744702e-01   3.3656253e-01   5.0503673e-01
   2.3960004e-01   3.3979206e-01   5.0811245e-01
   2.4175306e-01   3.4302159e-01   5.1118818e-01
   2.4390608e-01   3.4625112e-01   5.1426390e-01
   2.4605910e-01   3.4948065e-01   5.1733963e-01
   2.4821212e-01   3.5271018e-01   5.2041535e-01
   2.5036514e-01   3.5593971e-01   5.2349108e-01
   2.5251816e-01   3.5916924e-01   5.2656680e-01
   2.5467118e-01   3.6239876e-01   5.2964253e-01
   2.5682420e-01   3.6562829e-01   5.3271825e-01
   2.5897722e-01   3.6885782e-01   5.3579398e-01
   2.6113024e-01   3.7208735e-01   5.3886971e-01
   2.6328325e-01   3.7531688e-01   5.4194543e-01
   2.6543627e-01   3.7854641e-01   5.4502116e-01
   2.6758929e-01   3.8177594e-01   5.4809688e-01
   2.6974231e-01   3.8500547e-01   5.5117261e-01
   2.7189533e-01   3.8823500e-01   5.5424833e-01
   2.7404835e-01   3.9146453e-01   5.5732406e-01
   2.7620137e-01   3.9469406e-01   5.6039978e-01
   2.7835439e-01   3.9792359e-01   5.6347551e-01
   2.8050741e-01   4.0115312e-01   5.6655124e-01
   2.8266043e-01   4.0438265e-01   5.6962696e-01
   2.8481345e-01   4.0761218e-01   5.7270269e-01
   2.8696647e-01   4.1084171e-01   5.7577841e-01
   2.8911949e-01   4.1407124e-01   5.7885414e-01
   2.9150320e-01   4.1737767e-01   5.8177608e-01
   2.9411759e-01   4.2076100e-01   5.8454424e-01
   2.9673198e-01   4.2414433e-01   5.8731239e-01
   2.9934637e-01   4.2752767e-01   5.9008055e-01
   3.0196076e-01   4.3091100e-01   5.9284871e-01
   3.0457516e-01   4.3429433e-01   5.9561686e-01
   3.0718955e-01   4.3767767e-01   5.9838502e-01
   3.0980394e-01   4.4106100e-01   6.0115318e-01
   3.1241833e-01   4.4444433e-01   6.0392133e-01
   3.1503273e-01   4.4782767e-01   6.0668949e-01
   3.1764712e-01   4.5121100e-01   6.0945765e-01
   3.2026151e-01   4.5459433e-01   6.1222580e-01
   3.2287590e-01   4.5797767e-01   6.1499396e-01
   3.2549029e-01   4.6136100e-01   6.1776212e-01
   3.2810469e-01   4.6474433e-01   6.2053027e-01
   3.3071908e-01   4.6812767e-01   6.2329843e-01
   3.3333347e-01   4.7151100e-01   6.2606659e-01
   3.3594786e-01   4.7489433e-01   6.2883475e-01
   3.3856225e-01   4.7827767e-01   6.3160290e-01
   3.4117665e-01   4.8166100e-01   6.3437106e-01
   3.4379104e-01   4.8504433e-01   6.3713922e-01
   3.4640543e-01   4.8842767e-01   6.3990737e-01
   3.4901982e-01   4.9181100e-01   6.4267553e-01
   3.5163422e-01   4.9519433e-01   6.4544369e-01
   3.5424861e-01   4.9857767e-01   6.4821184e-01
   3.5686300e-01   5.0196100e-01   6.5098000e-01
   3.6009253e-01   5.0626704e-01   6.5405576e-01
   3.6332206e-01   5.1057308e-01   6.5713153e-01
   3.6655159e-01   5.1487912e-01   6.6020729e-01
   3.6978112e-01   5.1918516e-01   6.6328306e-01
   3.7301065e-01   5.2349120e-01   6.6635882e-01
   3.7624018e-01   5.2779724e-01   6.6943459e-01
   3.7946971e-01   5.3210327e-01   6.7251035e-01
   3.8269924e-01   5.3640931e-01   6.7558612e-01
   3.8592876e-01   5.4071535e-01   6.7866188e-01
   3.8915829e-01   5.4502139e-01   6.8173765e-01
   3.9238782e-01   5.4932743e-01   6.8481341e-01
   3.9561735e-01   5.5363347e-01   6.8788918e-01
   3.9884688e-01   5.5793951e-01   6.9096494e-01
   4.0207641e-01   5.6224555e-01   6.9404071e-01
   4.0530594e-01   5.6655159e-01   6.9711647e-01
   4.0853547e-01   5.7085763e-01   7.0019224e-01
   4.1176500e-01   5.7516367e-01   7.0326800e-01
   4.1499453e-01   5.7946971e-01   7.0634376e-01
   4.1822406e-01   5.8377575e-01   7.0941953e-01
   4.2145359e-01   5.8808178e-01   7.1249529e-01
   4.2468312e-01   5.9238782e-01   7.1557106e-01
   4.2791265e-01   5.9669386e-01   7.1864682e-01
   4.3114218e-01   6.0099990e-01   7.2172259e-01
   4.3437171e-01   6.0530594e-01   7.2479835e-01
   4.3760124e-01   6.0961198e-01   7.2787412e-01
   4.4083076e-01   6.1384112e-01   7.3079608e-01
   4.4406029e-01   6.1799335e-01   7.3356424e-01
   4.4728982e-01   6.2214559e-01   7.3633239e-01
   4.5051935e-01   6.2629782e-01   7.3910055e-01
   4.5374888e-01   6.3045006e-01   7.4186871e-01
   4.5697841e-01   6.3460229e-01   7.4463686e-01
   4.6020794e-01   6.3875453e-01   7.4740502e-01
   4.6343747e-01   6.4290676e-01   7.5017318e-01
   4.6666700e-01   6.4705900e-01   7.5294133e-01
   4.6989653e-01   6.5121124e-01   7.5570949e-01
   4.7312606e-01   6.5536347e-01   7.5847765e-01
   4.7635559e-01   6.5951571e-01   7.6124580e-01
   4.7958512e-01   6.6366794e-01   7.6401396e-01
   4.8281465e-01   6.6782018e-01   7.6678212e-01
   4.8604418e-01   6.7197241e-01   7.6955027e-01
   4.8927371e-01   6.7612465e-01   7.7231843e-01
   4.9250324e-01   6.8027688e-01   7.7508659e-01
   4.9573276e-01   6.8442912e-01   7.7785475e-01
   4.9896229e-01   6.8858135e-01   7.8062290e-01
   5.0219182e-01   6.9273359e-01   7.8339106e-01
   5.0542135e-01   6.9688582e-01   7.8615922e-01
   5.0865088e-01   7.0103806e-01   7.8892737e-01
   5.1188041e-01   7.0519029e-01   7.9169553e-01
   5.1510994e-01   7.0934253e-01   7.9446369e-01
   5.1833947e-01   7.1349476e-01   7.9723184e-01
   5.2156900e-01   7.1764700e-01   8.0000000e-01
   5.2633637e-01   7.2210684e-01   8.0307573e-01
   5.3110375e-01   7.2656669e-01   8.0615145e-01
   5.3587112e-01   7.3102653e-01   8.0922718e-01
   5.4063849e-01   7.3548637e-01   8.1230290e-01
   5.4540586e-01   7.3994622e-01   8.1537863e-01
   5.5017324e-01   7.4440606e-01   8.1845435e-01
   5.5494061e-01   7.4886590e-01   8.2153008e-01
   5.5970798e-01   7.5332575e-01   8.2460580e-01
   5.6447535e-01   7.5778559e-01   8.2768153e-01
   5.6924273e-01   7.6224543e-01   8.3075725e-01
   5.7401010e-01   7.6670527e-01   8.3383298e-01
   5.7877747e-01   7.7116512e-01   8.3690871e-01
   5.8354484e-01   7.7562496e-01   8.3998443e-01
   5.8831222e-01   7.8008480e-01   8.4306016e-01
   5.9307959e-01   7.8454465e-01   8.4613588e-01
   5.9784696e-01   7.8900449e-01   8.4921161e-01
   6.0261433e-01   7.9346433e-01   8.5228733e-01
   6.0738171e-01   7.9792418e-01   8.5536306e-01
   6.1214908e-01   8.0238402e-01   8.5843878e-01
   6.1691645e-01   8.0684386e-01   8.6151451e-01
   6.2168382e-01   8.1130371e-01   8.6459024e-01
   6.2645120e-01   8.1576355e-01   8.6766596e-01
   6.3121857e-01   8.2022339e-01   8.7074169e-01
   6.3598594e-01   8.2468324e-01   8.7381741e-01
   6.4075331e-01   8.2914308e-01   8.7689314e-01
   6.4851955e-01   8.3506386e-01   8.8119920e-01
   6.5928465e-01   8.4244559e-01   8.8673559e-01
   6.7004975e-01   8.4982731e-01   8.9227198e-01
   6.8081484e-01   8.5720904e-01   8.9780837e-01
   6.9157994e-01   8.6459076e-01   9.0334476e-01
   7.0234504e-01   8.7197249e-01   9.0888116e-01
   7.1311014e-01   8.7935422e-01   9.1441755e-01
   7.2387524e-01   8.8673594e-01   9.1995394e-01
   7.3464033e-01   8.9411767e-01   9.2549033e-01
   7.4540543e-01   9.0149939e-01   9.3102673e-01
   7.5617053e-01   9.0888112e-01   9.3656312e-01
   7.6693563e-01   9.1626284e-01   9.4209951e-01
   7.7770073e-01   9.2364457e-01   9.4763590e-01
   7.8915788e-01   9.2987294e-01   9.5201882e-01
   8.0084573e-01   9.3571686e-01   9.5601725e-01
   8.1253357e-01   9.4156078e-01   9.6001569e-01
   8.2422141e-01   9.4740471e-01   9.6401412e-01
   8.3590925e-01   9.5324863e-01   9.6801255e-01
   8.4759710e-01   9.5909255e-01   9.7201098e-01
   8.5928494e-01   9.6493647e-01   9.7600941e-01
   8.7097278e-01   9.7078039e-01   9.8000784e-01
   8.8266063e-01   9.7662431e-01   9.8400627e-01
   8.9434847e-01   9.8246824e-01   9.8800471e-01
   9.0603631e-01   9.8831216e-01   9.9200314e-01
   9.1772416e-01   9.9415608e-01   9.9600157e-01
   9.2941200e-01   1.0000000e+00   1.0000000e+00
