   1.0000000e+00   1.0000000e+00   1.0000000e+00
   9.9077278e-01   9.9507882e-01   9.9846212e-01
   9.8154557e-01   9.9015765e-01   9.9692424e-01
   9.7231835e-01   9.8523647e-01   9.9538635e-01
   9.6309114e-01   9.8031529e-01   9.9384847e-01
   9.5386392e-01   9.7539412e-01   9.9231059e-01
   9.4463671e-01   9.7047294e-01   9.9077271e-01
   9.3540949e-01   9.6555176e-01   9.8923482e-01
   9.2618227e-01   9.6063059e-01   9.8769694e-01
   9.1695506e-01   9.5570941e-01   9.8615906e-01
   9.0772784e-01   9.5078824e-01   9.8462118e-01
   8.9850063e-01   9.4586706e-01   9.8308329e-01
   8.8927341e-01   9.4094588e-01   9.8154541e-01
   8.8104580e-01   9.3640918e-01   9.7977686e-01
   8.7581702e-01   9.3302588e-01   9.7731631e-01
   8.7058824e-01   9.2964259e-01   9.7485576e-01
   8.6535945e-01   9.2625929e-01   9.7239522e-01
   8.6013067e-01   9.2287600e-01   9.6993467e-01
   8.5490188e-01   9.1949271e-01   9.6747412e-01
   8.4967310e-01   9.1610941e-01   9.6501357e-01
   8.4444431e-01   9.1272612e-01   9.6255302e-01
   8.3921553e-01   9.0934282e-01   9.6009247e-01
   8.3398675e-01   9.0595953e-01   9.5763192e-01
   8.2875796e-01   9.0257624e-01   9.5517137e-01
   8.2352918e-01   8.9919294e-01   9.5271082e-01
   8.1830039e-01   8.9580965e-01   9.5025027e-01
   8.1414814e-01   8.9273390e-01   9.4786659e-01
   8.1107241e-01   8.8996571e-01   9.4555976e-01
   8.0799669e-01   8.8719751e-01   9.4325294e-01
   8.0492096e-01   8.8442931e-01   9.4094612e-01
   8.0184524e-01   8.8166112e-01   9.3863929e-01
   7.9876951e-01   8.7889292e-01   9.3633247e-01
   7.9569378e-01   8.7612473e-01   9.3402565e-01
   7.9261806e-01   8.7335653e-01   9.3171882e-01
   7.8954233e-01   8.7058833e-01   9.2941200e-01
   7.8646661e-01   8.6782014e-01   9.2710518e-01
   7.8339088e-01   8.6505194e-01   9.2479835e-01
   7.8031516e-01   8.6228375e-01   9.2249153e-01
   7.7723943e-01   8.5951555e-01   9.2018471e-01
   7.7416371e-01   8.5674735e-01   9.1787788e-01
   7.7108798e-01   8.5397916e-01   9.1557106e-01
   7.6801225e-01   8.5121096e-01   9.1326424e-01
   7.6493653e-01   8.4844276e-01   9.1095741e-01
   7.6186080e-01   8.4567457e-01   9.0865059e-01
   7.5878508e-01   8.4290637e-01   9.0634376e-01
   7.5570935e-01   8.4013818e-01   9.0403694e-01
   7.5263363e-01   8.3736998e-01   9.0173012e-01
   7.4955790e-01   8.3460178e-01   8.9942329e-01
   7.4648218e-01   8.3183359e-01   8.9711647e-01
   7.4340645e-01   8.2906539e-01   8.9480965e-01
   7.4033073e-01   8.2629720e-01   8.9250282e-01
   7.3725500e-01   8.2352900e-01   8.9019600e-01
   7.3464061e-01   8.2076084e-01   8.8742784e-01
   7.3202622e-01   8.1799269e-01   8.8465969e-01
   7.2941182e-01   8.1522453e-01   8.8189153e-01
   7.2679743e-01   8.1245637e-01   8.7912337e-01
   7.2418304e-01   8.0968822e-01   8.7635522e-01
   7.2156865e-01   8.0692006e-01   8.7358706e-01
   7.1895425e-01   8.0415190e-01   8.7081890e-01
   7.1633986e-01   8.0138375e-01   8.6805075e-01
   7.1372547e-01   7.9861559e-01   8.6528259e-01
   7.1111108e-01   7.9584743e-01   8.6251443e-01
   7.0849669e-01   7.9307927e-01   8.5974627e-01
   7.0588229e-01   7.9031112e-01   8.5697812e-01
   7.0326790e-01   7.8754296e-01   8.5420996e-01
   7.0065351e-01   7.8477480e-01   8.5144180e-01
   6.9803912e-01   7.8200665e-01   8.4867365e-01
   6.9542473e-01   7.7923849e-01   8.4590549e-01
   6.9281033e-01   7.7647033e-01   8.4313733e-01
   6.9019594e-01   7.7370218e-01   8.4036918e-01
   6.8758155e-01   7.7093402e-01   8.3760102e-01
   6.8496716e-01   7.6816586e-01   8.3483286e-01
   6.8235276e-01   7.6539771e-01   8.3206471e-01
   6.7973837e-01   7.6262955e-01   8.2929655e-01
   6.7712398e-01   7.5986139e-01   8.2652839e-01
   6.7450959e-01   7.5709324e-01   8.2376024e-01
   6.7189520e-01   7.5432508e-01   8.2099208e-01
   6.6920392e-01   7.5132624e-01   8.1807012e-01
   6.6643576e-01   7.4809671e-01   8.1499435e-01
   6.6366761e-01   7.4486718e-01   8.1191859e-01
   6.6089945e-01   7.4163765e-01   8.0884282e-01
   6.5813129e-01   7.3840812e-01   8.0576706e-01
   6.5536314e-01   7.3517859e-01   8.0269129e-01
   6.5259498e-01   7.3194906e-01   7.9961553e-01
   6.4982682e-01   7.2871953e-01   7.9653976e-01
   6.4705867e-01   7.2549000e-01   7.9346400e-01
   6.4429051e-01   7.2226047e-01   7.9038824e-01
   6.4152235e-01   7.1903094e-01   7.8731247e-01
   6.3875420e-01   7.1580141e-01   7.8423671e-01
   6.3598604e-01   7.1257188e-01   7.8116094e-01
   6.3321788e-01   7.0934235e-01   7.7808518e-01
   6.3044973e-01   7.0611282e-01   7.7500941e-01
   6.2768157e-01   7.0288329e-01   7.7193365e-01
   6.2491341e-01   6.9965376e-01   7.6885788e-01
   6.2214525e-01   6.9642424e-01   7.6578212e-01
   6.1937710e-01   6.9319471e-01   7.6270635e-01
   6.1660894e-01   6.8996518e-01   7.5963059e-01
   6.1384078e-01   6.8673565e-01   7.5655482e-01
   6.1107263e-01   6.8350612e-01   7.5347906e-01
   6.0830447e-01   6.8027659e-01   7.5040329e-01
   6.0553631e-01   6.7704706e-01   7.4732753e-01
   6.0276816e-01   6.7381753e-01   7.4425176e-01
   6.0000000e-01   6.7058800e-01   7.4117600e-01
   5.9769318e-01   6.6781984e-01   7.3794651e-01
   5.9538635e-01   6.6505169e-01   7.3471702e-01
   5.9307953e-01   6.6228353e-01   7.3148753e-01
   5.9077271e-01   6.5951537e-01   7.2825804e-01
   5.8846588e-01   6.5674722e-01   7.2502855e-01
   5.8615906e-01   6.5397906e-01   7.2179906e-01
   5.8385224e-01   6.5121090e-01   7.1856957e-01
   5.8154541e-01   6.4844275e-01   7.1534008e-01
   5.7923859e-01   6.4567459e-01   7.1211059e-01
   5.7693176e-01   6.4290643e-01   7.0888110e-01
   5.7462494e-01   6.4013827e-01   7.0565161e-01
   5.7231812e-01   6.3737012e-01   7.0242212e-01
   5.7001129e-01   6.3460196e-01   6.9919263e-01
   5.6770447e-01   6.3183380e-01   6.9596314e-01
   5.6539765e-01   6.2906565e-01   6.9273365e-01
   5.6309082e-01   6.2629749e-01   6.8950416e-01
   5.6078400e-01   6.2352933e-01   6.8627467e-01
   5.5847718e-01   6.2076118e-01   6.8304518e-01
   5.5617035e-01   6.1799302e-01   6.7981569e-01
   5.5386353e-01   6.1522486e-01   6.7658620e-01
   5.5155671e-01   6.1245671e-01   6.7335671e-01
   5.4924988e-01   6.0968855e-01   6.7012722e-01
   5.4694306e-01   6.0692039e-01   6.6689773e-01
   5.4463624e-01   6.0415224e-01   6.6366824e-01
   5.4232941e-01   6.0138408e-01   6.6043875e-01
   5.4002261e-01   5.9853902e-01   6.5728612e-01
   5.3771582e-01   5.9561706e-01   6.5421035e-01
   5.3540904e-01   5.9269510e-01   6.5113459e-01
   5.3310225e-01   5.8977314e-01   6.4805882e-01
   5.3079547e-01   5.8685118e-01   6.4498306e-01
   5.2848869e-01   5.8392922e-01   6.4190729e-01
   5.2618190e-01   5.8100725e-01   6.3883153e-01
   5.2387512e-01   5.7808529e-01   6.3575576e-01
   5.2156833e-01   5.7516333e-01   6.3268000e-01
   5.1926155e-01   5.7224137e-01   6.2960424e-01
   5.1695476e-01   5.6931941e-01   6.2652847e-01
   5.1464798e-01   5.6639745e-01   6.2345271e-01
   5.1234120e-01   5.6347549e-01   6.2037694e-01
   5.1003441e-01   5.6055353e-01   6.1730118e-01
   5.0772763e-01   5.5763157e-01   6.1422541e-01
   5.0542084e-01   5.5470961e-01   6.1114965e-01
   5.0311406e-01   5.5178765e-01   6.0807388e-01
   5.0080727e-01   5.4886569e-01   6.0499812e-01
   4.9850049e-01   5.4594373e-01   6.0192235e-01
   4.9619371e-01   5.4302176e-01   5.9884659e-01
   4.9388692e-01   5.4009980e-01   5.9577082e-01
   4.9158014e-01   5.3717784e-01   5.9269506e-01
   4.8927335e-01   5.3425588e-01   5.8961929e-01
   4.8696657e-01   5.3133392e-01   5.8654353e-01
   4.8465978e-01   5.2841196e-01   5.8346776e-01
   4.8235300e-01   5.2549000e-01   5.8039200e-01
   4.8050755e-01   5.2349078e-01   5.7808522e-01
   4.7866210e-01   5.2149157e-01   5.7577843e-01
   4.7681665e-01   5.1949235e-01   5.7347165e-01
   4.7497120e-01   5.1749314e-01   5.7116486e-01
   4.7312575e-01   5.1549392e-01   5.6885808e-01
   4.7128029e-01   5.1349471e-01   5.6655129e-01
   4.6943484e-01   5.1149549e-01   5.6424451e-01
   4.6758939e-01   5.0949627e-01   5.6193773e-01
   4.6574394e-01   5.0749706e-01   5.5963094e-01
   4.6389849e-01   5.0549784e-01   5.5732416e-01
   4.6205304e-01   5.0349863e-01   5.5501737e-01
   4.6020759e-01   5.0149941e-01   5.5271059e-01
   4.5836214e-01   4.9950020e-01   5.5040380e-01
   4.5651669e-01   4.9750098e-01   5.4809702e-01
   4.5467124e-01   4.9550176e-01   5.4579024e-01
   4.5282578e-01   4.9350255e-01   5.4348345e-01
   4.5098033e-01   4.9150333e-01   5.4117667e-01
   4.4913488e-01   4.8950412e-01   5.3886988e-01
   4.4728943e-01   4.8750490e-01   5.3656310e-01
   4.4544398e-01   4.8550569e-01   5.3425631e-01
   4.4359853e-01   4.8350647e-01   5.3194953e-01
   4.4175308e-01   4.8150725e-01   5.2964275e-01
   4.3990763e-01   4.7950804e-01   5.2733596e-01
   4.3806218e-01   4.7750882e-01   5.2502918e-01
   4.3621673e-01   4.7550961e-01   5.2272239e-01
   4.3483265e-01   4.7389484e-01   5.2072316e-01
   4.3390994e-01   4.7266453e-01   5.1903147e-01
   4.3298724e-01   4.7143422e-01   5.1733978e-01
   4.3206453e-01   4.7020390e-01   5.1564810e-01
   4.3114182e-01   4.6897359e-01   5.1395641e-01
   4.3021912e-01   4.6774327e-01   5.1226473e-01
   4.2929641e-01   4.6651296e-01   5.1057304e-01
   4.2837371e-01   4.6528265e-01   5.0888135e-01
   4.2745100e-01   4.6405233e-01   5.0718967e-01
   4.2652829e-01   4.6282202e-01   5.0549798e-01
   4.2560559e-01   4.6159171e-01   5.0380629e-01
   4.2468288e-01   4.6036139e-01   5.0211461e-01
   4.2376018e-01   4.5913108e-01   5.0042292e-01
   4.2283747e-01   4.5790076e-01   4.9873124e-01
   4.2191476e-01   4.5667045e-01   4.9703955e-01
   4.2099206e-01   4.5544014e-01   4.9534786e-01
   4.2006935e-01   4.5420982e-01   4.9365618e-01
   4.1914665e-01   4.5297951e-01   4.9196449e-01
   4.1822394e-01   4.5174920e-01   4.9027280e-01
   4.1730124e-01   4.5051888e-01   4.8858112e-01
   4.1637853e-01   4.4928857e-01   4.8688943e-01
   4.1545582e-01   4.4805825e-01   4.8519775e-01
   4.1453312e-01   4.4682794e-01   4.8350606e-01
   4.1361041e-01   4.4559763e-01   4.8181437e-01
   4.1268771e-01   4.4436731e-01   4.8012269e-01
   4.1176500e-01   4.4313700e-01   4.7843100e-01
   4.1114982e-01   4.4206049e-01   4.7689316e-01
   4.1053465e-01   4.4098398e-01   4.7535531e-01
   4.0991947e-01   4.3990747e-01   4.7381747e-01
   4.0930429e-01   4.3883096e-01   4.7227963e-01
   4.0868912e-01   4.3775445e-01   4.7074178e-01
   4.0807394e-01   4.3667794e-01   4.6920394e-01
   4.0745876e-01   4.3560143e-01   4.6766610e-01
   4.0684359e-01   4.3452492e-01   4.6612825e-01
   4.0622841e-01   4.3344841e-01   4.6459041e-01
   4.0561324e-01   4.3237190e-01   4.6305257e-01
   4.0499806e-01   4.3129539e-01   4.6151473e-01
   4.0438288e-01   4.3021888e-01   4.5997688e-01
   4.0376771e-01   4.2914237e-01   4.5843904e-01
   4.0315253e-01   4.2806586e-01   4.5690120e-01
   4.0253735e-01   4.2698935e-01   4.5536335e-01
   4.0192218e-01   4.2591284e-01   4.5382551e-01
   4.0130700e-01   4.2483633e-01   4.5228767e-01
   4.0069182e-01   4.2375982e-01   4.5074982e-01
   4.0007665e-01   4.2268331e-01   4.4921198e-01
   3.9946147e-01   4.2160680e-01   4.4767414e-01
   3.9884629e-01   4.2053029e-01   4.4613629e-01
   3.9823112e-01   4.1945378e-01   4.4459845e-01
   3.9761594e-01   4.1837727e-01   4.4306061e-01
   3.9700076e-01   4.1730076e-01   4.4152276e-01
   3.9638559e-01   4.1622425e-01   4.3998492e-01
   3.9577043e-01   4.1522465e-01   4.3844706e-01
   3.9515529e-01   4.1430194e-01   4.3690918e-01
   3.9454016e-01   4.1337924e-01   4.3537129e-01
   3.9392502e-01   4.1245653e-01   4.3383341e-01
   3.9330988e-01   4.1153382e-01   4.3229553e-01
   3.9269475e-01   4.1061112e-01   4.3075765e-01
   3.9207961e-01   4.0968841e-01   4.2921976e-01
   3.9146447e-01   4.0876571e-01   4.2768188e-01
   3.9084933e-01   4.0784300e-01   4.2614400e-01
   3.9023420e-01   4.0692029e-01   4.2460612e-01
   3.8961906e-01   4.0599759e-01   4.2306824e-01
   3.8900392e-01   4.0507488e-01   4.2153035e-01
   3.8838878e-01   4.0415218e-01   4.1999247e-01
   3.8777365e-01   4.0322947e-01   4.1845459e-01
   3.8715851e-01   4.0230676e-01   4.1691671e-01
   3.8654337e-01   4.0138406e-01   4.1537882e-01
   3.8592824e-01   4.0046135e-01   4.1384094e-01
   3.8531310e-01   3.9953865e-01   4.1230306e-01
   3.8469796e-01   3.9861594e-01   4.1076518e-01
   3.8408282e-01   3.9769324e-01   4.0922729e-01
   3.8346769e-01   3.9677053e-01   4.0768941e-01
   3.8285255e-01   3.9584782e-01   4.0615153e-01
   3.8223741e-01   3.9492512e-01   4.0461365e-01
   3.8162227e-01   3.9400241e-01   4.0307576e-01
   3.8100714e-01   3.9307971e-01   4.0153788e-01
   3.8039200e-01   3.9215700e-01   4.0000000e-01
