   1.8039216e-01   2.0000000e-01   1.6470588e-01
   1.9437279e-01   2.3215546e-01   1.6051169e-01
   2.0835343e-01   2.6431093e-01   1.5631750e-01
   2.2206144e-01   2.9428541e-01   1.5076020e-01
   2.3464402e-01   3.1525637e-01   1.3957569e-01
   2.4722659e-01   3.3622733e-01   1.2839118e-01
   2.6199014e-01   3.5610779e-01   1.2156863e-01
   2.8016497e-01   3.7428262e-01   1.2156863e-01
   2.9833980e-01   3.9245745e-01   1.2156863e-01
   3.1487889e-01   4.1063227e-01   1.2238649e-01
   3.3025759e-01   4.2880710e-01   1.2378456e-01
   3.4563629e-01   4.4698193e-01   1.2518262e-01
   3.4356716e-01   4.6515676e-01   1.2767118e-01
   3.3657684e-01   4.8333159e-01   1.3046730e-01
   3.2958652e-01   5.0150641e-01   1.3326343e-01
   3.2395932e-01   5.1831813e-01   1.3605956e-01
   3.1836706e-01   5.3509489e-01   1.3885568e-01
   3.1253714e-01   5.5210933e-01   1.4165181e-01
   3.0554682e-01   5.7028416e-01   1.4444794e-01
   2.9855650e-01   5.8845898e-01   1.4724407e-01
   2.9717941e-01   6.0663381e-01   1.5259166e-01
   3.0556779e-01   6.2480864e-01   1.6237811e-01
   3.1395617e-01   6.4298347e-01   1.7216455e-01
   3.2234455e-01   6.6115830e-01   1.8351683e-01
   3.3073293e-01   6.7933312e-01   1.9609940e-01
   3.3912132e-01   6.9750795e-01   2.0868198e-01
   3.4645416e-01   7.1462724e-01   2.1915347e-01
   3.5344448e-01   7.3140401e-01   2.2893992e-01
   3.6043480e-01   7.4818077e-01   2.3872636e-01
   3.6742512e-01   7.6230121e-01   2.5249729e-01
   3.7441543e-01   7.7628185e-01   2.6647793e-01
   3.8525742e-01   7.9046521e-01   2.8126944e-01
   4.1881095e-01   8.0584391e-01   3.0084233e-01
   4.5236448e-01   8.2122261e-01   3.2041522e-01
   4.8496732e-01   8.3612597e-01   3.4046346e-01
   5.1572472e-01   8.5010660e-01   3.6143441e-01
   5.4648212e-01   8.6408724e-01   3.8240537e-01
   5.7798749e-01   8.7806788e-01   4.0412429e-01
   6.1014295e-01   8.9204851e-01   4.2649331e-01
   6.4229842e-01   9.0602915e-01   4.4886233e-01
   6.7241271e-01   9.1490685e-01   4.6919017e-01
   7.0177205e-01   9.2189717e-01   4.8876306e-01
   7.3113138e-01   9.2888749e-01   5.0833595e-01
   7.5919751e-01   9.3587781e-01   5.2920206e-01
   7.8715879e-01   9.4286813e-01   5.5017301e-01
   8.1461676e-01   9.4985845e-01   5.7131173e-01
   8.3838384e-01   9.5684876e-01   5.9368075e-01
   8.6215092e-01   9.6383908e-01   6.1604977e-01
   8.8635839e-01   9.7082940e-01   6.3841879e-01
   9.1152354e-01   9.7781972e-01   6.6078781e-01
   9.3668869e-01   9.8481004e-01   6.8315683e-01
   9.6470588e-01   9.8823529e-01   9.4117647e-01
   9.5547866e-01   9.8464693e-01   9.2836089e-01
   9.4625144e-01   9.8105857e-01   9.1554530e-01
   9.3702422e-01   9.7747020e-01   9.0272972e-01
   9.2779700e-01   9.7388184e-01   8.8991414e-01
   9.1856978e-01   9.7029348e-01   8.7709855e-01
   9.0934256e-01   9.6670511e-01   8.6428297e-01
   9.0011534e-01   9.6311675e-01   8.5146738e-01
   8.8963219e-01   9.5899013e-01   8.3901064e-01
   8.7681661e-01   9.5386390e-01   8.2722030e-01
   8.6400103e-01   9.4873767e-01   8.1542996e-01
   8.5118544e-01   9.4361143e-01   8.0363963e-01
   8.3836986e-01   9.3848520e-01   7.9184929e-01
   8.2555427e-01   9.3335896e-01   7.8005895e-01
   8.1273869e-01   9.2823273e-01   7.6826861e-01
   7.9992311e-01   9.2310650e-01   7.5647828e-01
   7.9177240e-01   9.1869794e-01   7.5007049e-01
   7.8562092e-01   9.1459695e-01   7.4596950e-01
   7.7946943e-01   9.1049596e-01   7.4186851e-01
   7.7331795e-01   9.0639498e-01   7.3776753e-01
   7.6716647e-01   9.0229399e-01   7.3366654e-01
   7.6101499e-01   8.9819300e-01   7.2956555e-01
   7.5486351e-01   8.9409202e-01   7.2546456e-01
   7.4866077e-01   8.8993977e-01   7.2128668e-01
   7.4148404e-01   8.8481353e-01   7.1564783e-01
   7.3430732e-01   8.7968730e-01   7.1000897e-01
   7.2713059e-01   8.7456107e-01   7.0437011e-01
   7.1995386e-01   8.6943483e-01   6.9873126e-01
   7.1277714e-01   8.6430860e-01   6.9309240e-01
   7.0560041e-01   8.5918237e-01   6.8745354e-01
   6.9842368e-01   8.5405613e-01   6.8181469e-01
   6.9165705e-01   8.4934000e-01   6.7679098e-01
   6.8550557e-01   8.4523901e-01   6.7268999e-01
   6.7935409e-01   8.4113802e-01   6.6858900e-01
   6.7320261e-01   8.3703704e-01   6.6448802e-01
   6.6705113e-01   8.3293605e-01   6.6038703e-01
   6.6089965e-01   8.2883506e-01   6.5628604e-01
   6.5474817e-01   8.2473408e-01   6.5218506e-01
   6.4859669e-01   8.2063309e-01   6.4808407e-01
   6.4321415e-01   8.1576317e-01   6.4475202e-01
   6.3808791e-01   8.1063693e-01   6.4167628e-01
   6.3296168e-01   8.0551070e-01   6.3860054e-01
   6.2783545e-01   8.0038447e-01   6.3552480e-01
   6.2270921e-01   7.9525823e-01   6.3244906e-01
   6.1758298e-01   7.9013200e-01   6.2937332e-01
   6.1245675e-01   7.8500577e-01   6.2629758e-01
   6.0722799e-01   7.7987953e-01   6.2311931e-01
   6.0107651e-01   7.7475330e-01   6.1901833e-01
   5.9492503e-01   7.6962707e-01   6.1491734e-01
   5.8877355e-01   7.6450083e-01   6.1081635e-01
   5.8262207e-01   7.5937460e-01   6.0671537e-01
   5.7647059e-01   7.5424837e-01   6.0261438e-01
   5.7031911e-01   7.4912213e-01   5.9851339e-01
   5.6416763e-01   7.4399590e-01   5.9441241e-01
   5.5824683e-01   7.3886967e-01   5.9054210e-01
   5.5260797e-01   7.3374343e-01   5.8695374e-01
   5.4696911e-01   7.2861720e-01   5.8336537e-01
   5.4133026e-01   7.2349097e-01   5.7977701e-01
   5.3569140e-01   7.1836473e-01   5.7618865e-01
   5.3005254e-01   7.1323850e-01   5.7260028e-01
   5.2441369e-01   7.0811226e-01   5.6901192e-01
   5.1877483e-01   7.0298603e-01   5.6542356e-01
   5.1231578e-01   6.9744970e-01   5.6142509e-01
   5.0565167e-01   6.9181084e-01   5.5732411e-01
   4.9898757e-01   6.8617199e-01   5.5322312e-01
   4.9232347e-01   6.8053313e-01   5.4912213e-01
   4.8565936e-01   6.7489427e-01   5.4502115e-01
   4.7899526e-01   6.6925541e-01   5.4092016e-01
   4.7233115e-01   6.6361656e-01   5.3681917e-01
   4.6551323e-01   6.5743940e-01   5.3233368e-01
   4.5782362e-01   6.4821187e-01   5.2566936e-01
   4.5013401e-01   6.3898434e-01   5.1900503e-01
   4.4244441e-01   6.2975682e-01   5.1234071e-01
   4.3475480e-01   6.2052929e-01   5.0567638e-01
   4.2706519e-01   6.1130176e-01   4.9901206e-01
   4.1937559e-01   6.0207423e-01   4.9234773e-01
   4.1168598e-01   5.9284671e-01   4.8568340e-01
   4.0435730e-01   4.8747917e-01   5.8551839e-01
   4.1307190e-01   4.9773164e-01   5.9577086e-01
   4.2178649e-01   5.0798411e-01   6.0602332e-01
   4.3050109e-01   5.1823658e-01   6.1627579e-01
   4.3921569e-01   5.2848904e-01   6.2652826e-01
   4.4793028e-01   5.3874151e-01   6.3678073e-01
   4.5664488e-01   5.4899398e-01   6.4703319e-01
   4.6535948e-01   5.5924644e-01   6.5728566e-01
   4.7581699e-01   5.6993464e-01   6.6797386e-01
   4.8658208e-01   5.8069973e-01   6.7873895e-01
   4.9734717e-01   5.9146482e-01   6.8950404e-01
   5.0811226e-01   6.0222991e-01   7.0026913e-01
   5.1887735e-01   6.1299500e-01   7.1103422e-01
   5.2964245e-01   6.2376009e-01   7.2179931e-01
   5.4040754e-01   6.3452518e-01   7.3256440e-01
   5.5014738e-01   6.4426503e-01   7.4220172e-01
   5.5578624e-01   6.4990388e-01   7.4732795e-01
   5.6142509e-01   6.5554274e-01   7.5245418e-01
   5.6706395e-01   6.6118160e-01   7.5758042e-01
   5.7270281e-01   6.6682045e-01   7.6270665e-01
   5.7834166e-01   6.7245931e-01   7.6783288e-01
   5.8398052e-01   6.7809817e-01   7.7295912e-01
   5.8961938e-01   6.8373702e-01   7.7808535e-01
   5.9554018e-01   6.8993977e-01   7.8321159e-01
   6.0169166e-01   6.9660387e-01   7.8833782e-01
   6.0784314e-01   7.0326797e-01   7.9346405e-01
   6.1399462e-01   7.0993208e-01   7.9859029e-01
   6.2014610e-01   7.1659618e-01   8.0371652e-01
   6.2629758e-01   7.2326028e-01   8.0884275e-01
   6.3244906e-01   7.2992439e-01   8.1396899e-01
   6.3860054e-01   7.3658849e-01   8.1909522e-01
   6.4290657e-01   7.4094579e-01   8.2329873e-01
   6.4700756e-01   7.4504678e-01   8.2739972e-01
   6.5110855e-01   7.4914776e-01   8.3150070e-01
   6.5520953e-01   7.5324875e-01   8.3560169e-01
   6.5931052e-01   7.5734974e-01   8.3970268e-01
   6.6341151e-01   7.6145072e-01   8.4380367e-01
   6.6751250e-01   7.6555171e-01   8.4790465e-01
   6.7199795e-01   7.7003717e-01   8.5226195e-01
   6.7763681e-01   7.7567602e-01   8.5738818e-01
   6.8327566e-01   7.8131488e-01   8.6251442e-01
   6.8891452e-01   7.8695374e-01   8.6764065e-01
   6.9455338e-01   7.9259259e-01   8.7276688e-01
   7.0019223e-01   7.9823145e-01   8.7789312e-01
   7.0583109e-01   8.0387031e-01   8.8301935e-01
   7.1146995e-01   8.0950916e-01   8.8814559e-01
   7.1618608e-01   8.1422530e-01   8.9265667e-01
   7.2028707e-01   8.1832628e-01   8.9675766e-01
   7.2438806e-01   8.2242727e-01   9.0085864e-01
   7.2848904e-01   8.2652826e-01   9.0495963e-01
   7.3259003e-01   8.3062925e-01   9.0906062e-01
   7.3669102e-01   8.3473023e-01   9.1316160e-01
   7.4079200e-01   8.3883122e-01   9.1726259e-01
   7.4489299e-01   8.4293221e-01   9.2136358e-01
   7.4948097e-01   8.4752018e-01   9.2497757e-01
   7.5409458e-01   8.5213379e-01   9.2856594e-01
   7.5870819e-01   8.5674740e-01   9.3215430e-01
   7.6332180e-01   8.6136101e-01   9.3574266e-01
   7.6793541e-01   8.6597463e-01   9.3933103e-01
   7.7254902e-01   8.7058824e-01   9.4291939e-01
   7.7716263e-01   8.7520185e-01   9.4650775e-01
   7.8362168e-01   8.8058439e-01   9.5024990e-01
   7.9438677e-01   8.8776112e-01   9.5435089e-01
   8.0515186e-01   8.9493784e-01   9.5845188e-01
   8.1591696e-01   9.0211457e-01   9.6255286e-01
   8.2668205e-01   9.0929130e-01   9.6665385e-01
   8.3744714e-01   9.1646803e-01   9.7075484e-01
   8.4821223e-01   9.2364475e-01   9.7485582e-01
   8.5897732e-01   9.3082148e-01   9.7895681e-01
   8.7174164e-01   9.3766500e-01   9.8105857e-01
   8.8558247e-01   9.4432910e-01   9.8208381e-01
   8.9942330e-01   9.5099321e-01   9.8310906e-01
   9.1326413e-01   9.5765731e-01   9.8413431e-01
   9.2710496e-01   9.6432141e-01   9.8515955e-01
   9.4094579e-01   9.7098552e-01   9.8618480e-01
   9.5478662e-01   9.7764962e-01   9.8721005e-01
   9.6862745e-01   9.8431373e-01   9.8823529e-01
   8.7520202e-01   9.6901201e-01   9.6493662e-01
   7.9413046e-01   9.6360374e-01   9.5214661e-01
   7.3656286e-01   9.5732411e-01   9.4440600e-01
   7.0888120e-01   9.4963476e-01   9.4286813e-01
   6.8119954e-01   9.4194541e-01   9.4133026e-01
   6.2998847e-01   9.1764706e-01   9.2733564e-01
   5.7616301e-01   8.9150327e-01   9.1195694e-01
   5.2987313e-01   8.6751250e-01   8.9873126e-01
   4.9757785e-01   8.4752018e-01   8.8950404e-01
   4.6528258e-01   8.2752787e-01   8.8027682e-01
   4.5144175e-01   8.0630527e-01   8.6981930e-01
   4.4221453e-01   7.8477509e-01   8.5905421e-01
   4.2875817e-01   7.6055363e-01   8.4598231e-01
   4.0261438e-01   7.2825836e-01   8.2599000e-01
   3.7647059e-01   6.9596309e-01   8.0599769e-01
   3.5786236e-01   6.6905037e-01   7.9138793e-01
   3.4248366e-01   6.4444444e-01   7.7908497e-01
   3.2733564e-01   6.1983852e-01   7.6747405e-01
   3.1349481e-01   5.9523260e-01   7.5978470e-01
   2.9965398e-01   5.7062668e-01   7.5209535e-01
   2.9088812e-01   5.5017301e-01   7.4579008e-01
   2.8550557e-01   5.3248750e-01   7.4040754e-01
   2.8012303e-01   5.1480200e-01   7.3502499e-01
   2.7474048e-01   4.9711649e-01   7.2964245e-01
   2.6935794e-01   4.7943099e-01   7.2425990e-01
   2.6089965e-01   4.6443676e-01   7.1849289e-01
   2.4936563e-01   4.5213379e-01   7.1234141e-01
   2.3783160e-01   4.3983083e-01   7.0618993e-01
   2.2629758e-01   4.2752787e-01   7.0003845e-01
   2.1476355e-01   4.1522491e-01   6.9388697e-01
   2.0845829e-01   4.0507497e-01   6.8712034e-01
   2.0999616e-01   3.9815456e-01   6.7943099e-01
   2.1153403e-01   3.9123414e-01   6.7174164e-01
   2.1307190e-01   3.8431373e-01   6.6405229e-01
   2.1460977e-01   3.7739331e-01   6.5636294e-01
   2.1453287e-01   3.6908881e-01   6.4682814e-01
   2.1068820e-01   3.5755479e-01   6.3298731e-01
   2.0684352e-01   3.4602076e-01   6.1914648e-01
   2.0299885e-01   3.3448674e-01   6.0530565e-01
   1.9915417e-01   3.2295271e-01   5.9146482e-01
   1.9546328e-01   3.1172626e-01   5.7808535e-01
   1.9238754e-01   3.0173010e-01   5.6655133e-01
   1.8931180e-01   2.9173395e-01   5.5501730e-01
   1.8623606e-01   2.8173779e-01   5.4348328e-01
   1.8316032e-01   2.7174164e-01   5.3194925e-01
   1.7823914e-01   2.5966936e-01   5.1956940e-01
   1.5670896e-01   2.2891196e-01   4.9957709e-01
   1.3517878e-01   1.9815456e-01   4.7958478e-01
   1.2464437e-01   1.7585544e-01   4.5536332e-01
   1.2310650e-01   1.6047674e-01   4.2768166e-01
   1.2156863e-01   1.4509804e-01   4.0000000e-01
