   9.6078400e-01   9.8823500e-01   1.0000000e+00
   9.5309467e-01   9.8454410e-01   9.9846212e-01
   9.4540533e-01   9.8085320e-01   9.9692424e-01
   9.3771600e-01   9.7716229e-01   9.9538635e-01
   9.3002667e-01   9.7347139e-01   9.9384847e-01
   9.2233733e-01   9.6978049e-01   9.9231059e-01
   9.1464800e-01   9.6608959e-01   9.9077271e-01
   9.0695867e-01   9.6239869e-01   9.8923482e-01
   8.9926933e-01   9.5870778e-01   9.8769694e-01
   8.9158000e-01   9.5501688e-01   9.8615906e-01
   8.8389067e-01   9.5132598e-01   9.8462118e-01
   8.7620133e-01   9.4763508e-01   9.8308329e-01
   8.6851200e-01   9.4394418e-01   9.8154541e-01
   8.6113024e-01   9.4002261e-01   9.7977686e-01
   8.5467118e-01   9.3540904e-01   9.7731631e-01
   8.4821212e-01   9.3079547e-01   9.7485576e-01
   8.4175306e-01   9.2618190e-01   9.7239522e-01
   8.3529400e-01   9.2156833e-01   9.6993467e-01
   8.2883494e-01   9.1695476e-01   9.6747412e-01
   8.2237588e-01   9.1234120e-01   9.6501357e-01
   8.1591682e-01   9.0772763e-01   9.6255302e-01
   8.0945776e-01   9.0311406e-01   9.6009247e-01
   8.0299871e-01   8.9850049e-01   9.5763192e-01
   7.9653965e-01   8.9388692e-01   9.5517137e-01
   7.9008059e-01   8.8927335e-01   9.5271082e-01
   7.8362153e-01   8.8465978e-01   9.5025027e-01
   7.7908480e-01   8.8089202e-01   9.4786659e-01
   7.7647041e-01   8.7797006e-01   9.4555976e-01
   7.7385602e-01   8.7504810e-01   9.4325294e-01
   7.7124163e-01   8.7212614e-01   9.4094612e-01
   7.6862724e-01   8.6920418e-01   9.3863929e-01
   7.6601284e-01   8.6628222e-01   9.3633247e-01
   7.6339845e-01   8.6336025e-01   9.3402565e-01
   7.6078406e-01   8.6043829e-01   9.3171882e-01
   7.5816967e-01   8.5751633e-01   9.2941200e-01
   7.5555527e-01   8.5459437e-01   9.2710518e-01
   7.5294088e-01   8.5167241e-01   9.2479835e-01
   7.5032649e-01   8.4875045e-01   9.2249153e-01
   7.4771210e-01   8.4582849e-01   9.2018471e-01
   7.4509771e-01   8.4290653e-01   9.1787788e-01
   7.4248331e-01   8.3998457e-01   9.1557106e-01
   7.3986892e-01   8.3706261e-01   9.1326424e-01
   7.3725453e-01   8.3414065e-01   9.1095741e-01
   7.3464014e-01   8.3121869e-01   9.0865059e-01
   7.3202575e-01   8.2829673e-01   9.0634376e-01
   7.2941135e-01   8.2537476e-01   9.0403694e-01
   7.2679696e-01   8.2245280e-01   9.0173012e-01
   7.2418257e-01   8.1953084e-01   8.9942329e-01
   7.2156818e-01   8.1660888e-01   8.9711647e-01
   7.1895378e-01   8.1368692e-01   8.9480965e-01
   7.1633939e-01   8.1076496e-01   8.9250282e-01
   7.1372500e-01   8.0784300e-01   8.9019600e-01
   7.1018790e-01   8.0445971e-01   8.8742784e-01
   7.0665080e-01   8.0107641e-01   8.8465969e-01
   7.0311371e-01   7.9769312e-01   8.8189153e-01
   6.9957661e-01   7.9430982e-01   8.7912337e-01
   6.9603951e-01   7.9092653e-01   8.7635522e-01
   6.9250241e-01   7.8754324e-01   8.7358706e-01
   6.8896531e-01   7.8415994e-01   8.7081890e-01
   6.8542822e-01   7.8077665e-01   8.6805075e-01
   6.8189112e-01   7.7739335e-01   8.6528259e-01
   6.7835402e-01   7.7401006e-01   8.6251443e-01
   6.7481692e-01   7.7062676e-01   8.5974627e-01
   6.7127982e-01   7.6724347e-01   8.5697812e-01
   6.6774273e-01   7.6386018e-01   8.5420996e-01
   6.6420563e-01   7.6047688e-01   8.5144180e-01
   6.6066853e-01   7.5709359e-01   8.4867365e-01
   6.5713143e-01   7.5371029e-01   8.4590549e-01
   6.5359433e-01   7.5032700e-01   8.4313733e-01
   6.5005724e-01   7.4694371e-01   8.4036918e-01
   6.4652014e-01   7.4356041e-01   8.3760102e-01
   6.4298304e-01   7.4017712e-01   8.3483286e-01
   6.3944594e-01   7.3679382e-01   8.3206471e-01
   6.3590884e-01   7.3341053e-01   8.2929655e-01
   6.3237175e-01   7.3002724e-01   8.2652839e-01
   6.2883465e-01   7.2664394e-01   8.2376024e-01
   6.2529755e-01   7.2326065e-01   8.2099208e-01
   6.2176045e-01   7.1980045e-01   8.1807012e-01
   6.1822335e-01   7.1626335e-01   8.1499435e-01
   6.1468625e-01   7.1272625e-01   8.1191859e-01
   6.1114916e-01   7.0918916e-01   8.0884282e-01
   6.0761206e-01   7.0565206e-01   8.0576706e-01
   6.0407496e-01   7.0211496e-01   8.0269129e-01
   6.0053786e-01   6.9857786e-01   7.9961553e-01
   5.9700076e-01   6.9504076e-01   7.9653976e-01
   5.9346367e-01   6.9150367e-01   7.9346400e-01
   5.8992657e-01   6.8796657e-01   7.9038824e-01
   5.8638947e-01   6.8442947e-01   7.8731247e-01
   5.8285237e-01   6.8089237e-01   7.8423671e-01
   5.7931527e-01   6.7735527e-01   7.8116094e-01
   5.7577818e-01   6.7381818e-01   7.7808518e-01
   5.7224108e-01   6.7028108e-01   7.7500941e-01
   5.6870398e-01   6.6674398e-01   7.7193365e-01
   5.6516688e-01   6.6320688e-01   7.6885788e-01
   5.6162978e-01   6.5966978e-01   7.6578212e-01
   5.5809269e-01   6.5613269e-01   7.6270635e-01
   5.5455559e-01   6.5259559e-01   7.5963059e-01
   5.5101849e-01   6.4905849e-01   7.5655482e-01
   5.4748139e-01   6.4552139e-01   7.5347906e-01
   5.4394429e-01   6.4198429e-01   7.5040329e-01
   5.4040720e-01   6.3844720e-01   7.4732753e-01
   5.3687010e-01   6.3491010e-01   7.4425176e-01
   5.3333300e-01   6.3137300e-01   7.4117600e-01
   5.3025727e-01   6.2814347e-01   7.3794651e-01
   5.2718155e-01   6.2491394e-01   7.3471702e-01
   5.2410582e-01   6.2168441e-01   7.3148753e-01
   5.2103010e-01   6.1845488e-01   7.2825804e-01
   5.1795437e-01   6.1522535e-01   7.2502855e-01
   5.1487865e-01   6.1199582e-01   7.2179906e-01
   5.1180292e-01   6.0876629e-01   7.1856957e-01
   5.0872720e-01   6.0553676e-01   7.1534008e-01
   5.0565147e-01   6.0230724e-01   7.1211059e-01
   5.0257575e-01   5.9907771e-01   7.0888110e-01
   4.9950002e-01   5.9584818e-01   7.0565161e-01
   4.9642429e-01   5.9261865e-01   7.0242212e-01
   4.9334857e-01   5.8938912e-01   6.9919263e-01
   4.9027284e-01   5.8615959e-01   6.9596314e-01
   4.8719712e-01   5.8293006e-01   6.9273365e-01
   4.8412139e-01   5.7970053e-01   6.8950416e-01
   4.8104567e-01   5.7647100e-01   6.8627467e-01
   4.7796994e-01   5.7324147e-01   6.8304518e-01
   4.7489422e-01   5.7001194e-01   6.7981569e-01
   4.7181849e-01   5.6678241e-01   6.7658620e-01
   4.6874276e-01   5.6355288e-01   6.7335671e-01
   4.6566704e-01   5.6032335e-01   6.7012722e-01
   4.6259131e-01   5.5709382e-01   6.6689773e-01
   4.5951559e-01   5.5386429e-01   6.6366824e-01
   4.5643986e-01   5.5063476e-01   6.6043875e-01
   4.5351792e-01   5.4748212e-01   6.5728612e-01
   4.5074976e-01   5.4440635e-01   6.5421035e-01
   4.4798161e-01   5.4133059e-01   6.5113459e-01
   4.4521345e-01   5.3825482e-01   6.4805882e-01
   4.4244529e-01   5.3517906e-01   6.4498306e-01
   4.3967714e-01   5.3210329e-01   6.4190729e-01
   4.3690898e-01   5.2902753e-01   6.3883153e-01
   4.3414082e-01   5.2595176e-01   6.3575576e-01
   4.3137267e-01   5.2287600e-01   6.3268000e-01
   4.2860451e-01   5.1980024e-01   6.2960424e-01
   4.2583635e-01   5.1672447e-01   6.2652847e-01
   4.2306820e-01   5.1364871e-01   6.2345271e-01
   4.2030004e-01   5.1057294e-01   6.2037694e-01
   4.1753188e-01   5.0749718e-01   6.1730118e-01
   4.1476373e-01   5.0442141e-01   6.1422541e-01
   4.1199557e-01   5.0134565e-01   6.1114965e-01
   4.0922741e-01   4.9826988e-01   6.0807388e-01
   4.0645925e-01   4.9519412e-01   6.0499812e-01
   4.0369110e-01   4.9211835e-01   6.0192235e-01
   4.0092294e-01   4.8904259e-01   5.9884659e-01
   3.9815478e-01   4.8596682e-01   5.9577082e-01
   3.9538663e-01   4.8289106e-01   5.9269506e-01
   3.9261847e-01   4.7981529e-01   5.8961929e-01
   3.8985031e-01   4.7673953e-01   5.8654353e-01
   3.8708216e-01   4.7366376e-01   5.8346776e-01
   3.8431400e-01   4.7058800e-01   5.8039200e-01
   3.8154580e-01   4.6766604e-01   5.7731627e-01
   3.7877761e-01   4.6474408e-01   5.7424055e-01
   3.7600941e-01   4.6182212e-01   5.7116482e-01
   3.7324122e-01   4.5890016e-01   5.6808910e-01
   3.7047302e-01   4.5597820e-01   5.6501337e-01
   3.6770482e-01   4.5305624e-01   5.6193765e-01
   3.6493663e-01   4.5013427e-01   5.5886192e-01
   3.6216843e-01   4.4721231e-01   5.5578620e-01
   3.5940024e-01   4.4429035e-01   5.5271047e-01
   3.5663204e-01   4.4136839e-01   5.4963475e-01
   3.5386384e-01   4.3844643e-01   5.4655902e-01
   3.5109565e-01   4.3552447e-01   5.4348329e-01
   3.4832745e-01   4.3260251e-01   5.4040757e-01
   3.4555925e-01   4.2968055e-01   5.3733184e-01
   3.4279106e-01   4.2675859e-01   5.3425612e-01
   3.4002286e-01   4.2383663e-01   5.3118039e-01
   3.3725467e-01   4.2091467e-01   5.2810467e-01
   3.3448647e-01   4.1799271e-01   5.2502894e-01
   3.3171827e-01   4.1507075e-01   5.2195322e-01
   3.2895008e-01   4.1214878e-01   5.1887749e-01
   3.2618188e-01   4.0922682e-01   5.1580176e-01
   3.2341369e-01   4.0630486e-01   5.1272604e-01
   3.2064549e-01   4.0338290e-01   5.0965031e-01
   3.1787729e-01   4.0046094e-01   5.0657459e-01
   3.1510910e-01   3.9753898e-01   5.0349886e-01
   3.1249471e-01   3.9461704e-01   5.0034624e-01
   3.1003412e-01   3.9169512e-01   4.9711671e-01
   3.0757353e-01   3.8877320e-01   4.9388718e-01
   3.0511294e-01   3.8585127e-01   4.9065765e-01
   3.0265235e-01   3.8292935e-01   4.8742812e-01
   3.0019176e-01   3.8000743e-01   4.8419859e-01
   2.9773118e-01   3.7708551e-01   4.8096906e-01
   2.9527059e-01   3.7416359e-01   4.7773953e-01
   2.9281000e-01   3.7124167e-01   4.7451000e-01
   2.9034941e-01   3.6831975e-01   4.7128047e-01
   2.8788882e-01   3.6539782e-01   4.6805094e-01
   2.8542824e-01   3.6247590e-01   4.6482141e-01
   2.8296765e-01   3.5955398e-01   4.6159188e-01
   2.8050706e-01   3.5663206e-01   4.5836235e-01
   2.7804647e-01   3.5371014e-01   4.5513282e-01
   2.7558588e-01   3.5078822e-01   4.5190329e-01
   2.7312529e-01   3.4786629e-01   4.4867376e-01
   2.7066471e-01   3.4494437e-01   4.4544424e-01
   2.6820412e-01   3.4202245e-01   4.4221471e-01
   2.6574353e-01   3.3910053e-01   4.3898518e-01
   2.6328294e-01   3.3617861e-01   4.3575565e-01
   2.6082235e-01   3.3325669e-01   4.3252612e-01
   2.5836176e-01   3.3033476e-01   4.2929659e-01
   2.5590118e-01   3.2741284e-01   4.2606706e-01
   2.5344059e-01   3.2449092e-01   4.2283753e-01
   2.5098000e-01   3.2156900e-01   4.1960800e-01
   2.4898078e-01   3.1910841e-01   4.1683984e-01
   2.4698157e-01   3.1664782e-01   4.1407169e-01
   2.4498235e-01   3.1418724e-01   4.1130353e-01
   2.4298314e-01   3.1172665e-01   4.0853537e-01
   2.4098392e-01   3.0926606e-01   4.0576722e-01
   2.3898471e-01   3.0680547e-01   4.0299906e-01
   2.3698549e-01   3.0434488e-01   4.0023090e-01
   2.3498627e-01   3.0188429e-01   3.9746275e-01
   2.3298706e-01   2.9942371e-01   3.9469459e-01
   2.3098784e-01   2.9696312e-01   3.9192643e-01
   2.2898863e-01   2.9450253e-01   3.8915827e-01
   2.2698941e-01   2.9204194e-01   3.8639012e-01
   2.2499020e-01   2.8958135e-01   3.8362196e-01
   2.2299098e-01   2.8712076e-01   3.8085380e-01
   2.2099176e-01   2.8466018e-01   3.7808565e-01
   2.1899255e-01   2.8219959e-01   3.7531749e-01
   2.1699333e-01   2.7973900e-01   3.7254933e-01
   2.1499412e-01   2.7727841e-01   3.6978118e-01
   2.1299490e-01   2.7481782e-01   3.6701302e-01
   2.1099569e-01   2.7235724e-01   3.6424486e-01
   2.0899647e-01   2.6989665e-01   3.6147671e-01
   2.0699725e-01   2.6743606e-01   3.5870855e-01
   2.0499804e-01   2.6497547e-01   3.5594039e-01
   2.0299882e-01   2.6251488e-01   3.5317224e-01
   2.0099961e-01   2.6005429e-01   3.5040408e-01
   1.9900039e-01   2.5759369e-01   3.4763590e-01
   1.9700118e-01   2.5513306e-01   3.4486771e-01
   1.9500196e-01   2.5267243e-01   3.4209951e-01
   1.9300275e-01   2.5021180e-01   3.3933131e-01
   1.9100353e-01   2.4775118e-01   3.3656312e-01
   1.8900431e-01   2.4529055e-01   3.3379492e-01
   1.8700510e-01   2.4282992e-01   3.3102673e-01
   1.8500588e-01   2.4036929e-01   3.2825853e-01
   1.8300667e-01   2.3790867e-01   3.2549033e-01
   1.8100745e-01   2.3544804e-01   3.2272214e-01
   1.7900824e-01   2.3298741e-01   3.1995394e-01
   1.7700902e-01   2.3052678e-01   3.1718575e-01
   1.7500980e-01   2.2806616e-01   3.1441755e-01
   1.7301059e-01   2.2560553e-01   3.1164935e-01
   1.7101137e-01   2.2314490e-01   3.0888116e-01
   1.6901216e-01   2.2068427e-01   3.0611296e-01
   1.6701294e-01   2.1822365e-01   3.0334476e-01
   1.6501373e-01   2.1576302e-01   3.0057657e-01
   1.6301451e-01   2.1330239e-01   2.9780837e-01
   1.6101529e-01   2.1084176e-01   2.9504018e-01
   1.5901608e-01   2.0838114e-01   2.9227198e-01
   1.5701686e-01   2.0592051e-01   2.8950378e-01
   1.5501765e-01   2.0345988e-01   2.8673559e-01
   1.5301843e-01   2.0099925e-01   2.8396739e-01
   1.5101922e-01   1.9853863e-01   2.8119920e-01
   1.4902000e-01   1.9607800e-01   2.7843100e-01
