   1.0000000e+00   9.3333300e-01   8.0000000e-01
   9.9607843e-01   9.2918076e-01   7.9369473e-01
   9.9215686e-01   9.2502853e-01   7.8738945e-01
   9.8823529e-01   9.2087629e-01   7.8108418e-01
   9.8431373e-01   9.1672406e-01   7.7477890e-01
   9.8039216e-01   9.1257182e-01   7.6847363e-01
   9.7647059e-01   9.0841959e-01   7.6216835e-01
   9.7254902e-01   9.0426735e-01   7.5586308e-01
   9.6862745e-01   9.0011512e-01   7.4955780e-01
   9.6470588e-01   8.9596288e-01   7.4325253e-01
   9.6078431e-01   8.9181065e-01   7.3694725e-01
   9.5686275e-01   8.8765841e-01   7.3064198e-01
   9.5294118e-01   8.8350618e-01   7.2433671e-01
   9.4901961e-01   8.7935394e-01   7.1803143e-01
   9.4509804e-01   8.7520171e-01   7.1172616e-01
   9.4117647e-01   8.7104947e-01   7.0542088e-01
   9.3725490e-01   8.6689724e-01   6.9911561e-01
   9.3333333e-01   8.6274500e-01   6.9281033e-01
   9.2941176e-01   8.5859276e-01   6.8650506e-01
   9.2549020e-01   8.5444053e-01   6.8019978e-01
   9.2156863e-01   8.5028829e-01   6.7389451e-01
   9.1764706e-01   8.4613606e-01   6.6758924e-01
   9.1372549e-01   8.4198382e-01   6.6128396e-01
   9.0980392e-01   8.3783159e-01   6.5497869e-01
   9.0588235e-01   8.3367935e-01   6.4867341e-01
   9.0196078e-01   8.2952712e-01   6.4236814e-01
   8.9803922e-01   8.2537488e-01   6.3606286e-01
   8.9411765e-01   8.2122265e-01   6.2975759e-01
   8.9019608e-01   8.1707041e-01   6.2345231e-01
   8.8627451e-01   8.1291818e-01   6.1714704e-01
   8.8235294e-01   8.0876594e-01   6.1084176e-01
   8.7843137e-01   8.0461371e-01   6.0453649e-01
   8.7450980e-01   8.0046147e-01   5.9823122e-01
   8.7058824e-01   7.9630924e-01   5.9192594e-01
   8.6666667e-01   7.9215700e-01   5.8562067e-01
   8.6274510e-01   7.8800476e-01   5.7931539e-01
   8.5882353e-01   7.8385253e-01   5.7301012e-01
   8.5490196e-01   7.7970029e-01   5.6670484e-01
   8.5098039e-01   7.7554806e-01   5.6039957e-01
   8.4705882e-01   7.7139582e-01   5.5409429e-01
   8.4313725e-01   7.6724359e-01   5.4778902e-01
   8.3921569e-01   7.6309135e-01   5.4148375e-01
   8.3529412e-01   7.5893912e-01   5.3517847e-01
   8.3137255e-01   7.5478688e-01   5.2887320e-01
   8.2745098e-01   7.5063465e-01   5.2256792e-01
   8.2352941e-01   7.4648241e-01   5.1626265e-01
   8.1960784e-01   7.4233018e-01   5.0995737e-01
   8.1568627e-01   7.3817794e-01   5.0365210e-01
   8.1176471e-01   7.3402571e-01   4.9734682e-01
   8.0784314e-01   7.2987347e-01   4.9104155e-01
   8.0392157e-01   7.2572124e-01   4.8473627e-01
   8.0000000e-01   7.2156900e-01   4.7843100e-01
   7.9607843e-01   7.1818569e-01   4.7497080e-01
   7.9215686e-01   7.1480237e-01   4.7151061e-01
   7.8823529e-01   7.1141906e-01   4.6805041e-01
   7.8431373e-01   7.0803575e-01   4.6459022e-01
   7.8039216e-01   7.0465243e-01   4.6113002e-01
   7.7647059e-01   7.0126912e-01   4.5766982e-01
   7.7254902e-01   6.9788580e-01   4.5420963e-01
   7.6862745e-01   6.9450249e-01   4.5074943e-01
   7.6470588e-01   6.9111918e-01   4.4728924e-01
   7.6078431e-01   6.8773586e-01   4.4382904e-01
   7.5686275e-01   6.8435255e-01   4.4036884e-01
   7.5294118e-01   6.8096924e-01   4.3690865e-01
   7.4901961e-01   6.7758592e-01   4.3344845e-01
   7.4509804e-01   6.7420261e-01   4.2998825e-01
   7.4117647e-01   6.7081929e-01   4.2652806e-01
   7.3725490e-01   6.6743598e-01   4.2306786e-01
   7.3333333e-01   6.6405267e-01   4.1960767e-01
   7.2941176e-01   6.6066935e-01   4.1614747e-01
   7.2549020e-01   6.5728604e-01   4.1268727e-01
   7.2156863e-01   6.5390273e-01   4.0922708e-01
   7.1764706e-01   6.5051941e-01   4.0576688e-01
   7.1372549e-01   6.4713610e-01   4.0230669e-01
   7.0980392e-01   6.4375278e-01   3.9884649e-01
   7.0588235e-01   6.4036947e-01   3.9538629e-01
   7.0196078e-01   6.3698616e-01   3.9192610e-01
   6.9803922e-01   6.3360284e-01   3.8846590e-01
   6.9411765e-01   6.3021953e-01   3.8500571e-01
   6.9019608e-01   6.2683622e-01   3.8154551e-01
   6.8627451e-01   6.2345290e-01   3.7808531e-01
   6.8235294e-01   6.2006959e-01   3.7462512e-01
   6.7843137e-01   6.1668627e-01   3.7116492e-01
   6.7450980e-01   6.1330296e-01   3.6770473e-01
   6.7058824e-01   6.0991965e-01   3.6424453e-01
   6.6666667e-01   6.0653633e-01   3.6078433e-01
   6.6274510e-01   6.0315302e-01   3.5732414e-01
   6.5882353e-01   5.9976971e-01   3.5386394e-01
   6.5490196e-01   5.9638639e-01   3.5040375e-01
   6.5098039e-01   5.9300308e-01   3.4694355e-01
   6.4705882e-01   5.8961976e-01   3.4348335e-01
   6.4313725e-01   5.8623645e-01   3.4002316e-01
   6.3921569e-01   5.8285314e-01   3.3656296e-01
   6.3529412e-01   5.7946982e-01   3.3310276e-01
   6.3137255e-01   5.7608651e-01   3.2964257e-01
   6.2745098e-01   5.7270320e-01   3.2618237e-01
   6.2352941e-01   5.6931988e-01   3.2272218e-01
   6.1960784e-01   5.6593657e-01   3.1926198e-01
   6.1568627e-01   5.6255325e-01   3.1580178e-01
   6.1176471e-01   5.5916994e-01   3.1234159e-01
   6.0784314e-01   5.5578663e-01   3.0888139e-01
   6.0392157e-01   5.5240331e-01   3.0542120e-01
   6.0000000e-01   5.4902000e-01   3.0196100e-01
   5.9607843e-01   5.4571357e-01   2.9919282e-01
   5.9215686e-01   5.4240714e-01   2.9642465e-01
   5.8823529e-01   5.3910071e-01   2.9365647e-01
   5.8431373e-01   5.3579427e-01   2.9088829e-01
   5.8039216e-01   5.3248784e-01   2.8812012e-01
   5.7647059e-01   5.2918141e-01   2.8535194e-01
   5.7254902e-01   5.2587498e-01   2.8258376e-01
   5.6862745e-01   5.2256855e-01   2.7981559e-01
   5.6470588e-01   5.1926212e-01   2.7704741e-01
   5.6078431e-01   5.1595569e-01   2.7427924e-01
   5.5686275e-01   5.1264925e-01   2.7151106e-01
   5.5294118e-01   5.0934282e-01   2.6874288e-01
   5.4901961e-01   5.0603639e-01   2.6597471e-01
   5.4509804e-01   5.0272996e-01   2.6320653e-01
   5.4117647e-01   4.9942353e-01   2.6043835e-01
   5.3725490e-01   4.9611710e-01   2.5767018e-01
   5.3333333e-01   4.9281067e-01   2.5490200e-01
   5.2941176e-01   4.8950424e-01   2.5213382e-01
   5.2549020e-01   4.8619780e-01   2.4936565e-01
   5.2156863e-01   4.8289137e-01   2.4659747e-01
   5.1764706e-01   4.7958494e-01   2.4382929e-01
   5.1372549e-01   4.7627851e-01   2.4106112e-01
   5.0980392e-01   4.7297208e-01   2.3829294e-01
   5.0588235e-01   4.6966565e-01   2.3552476e-01
   5.0196078e-01   4.6635922e-01   2.3275659e-01
   4.9803922e-01   4.6305278e-01   2.2998841e-01
   4.9411765e-01   4.5974635e-01   2.2722024e-01
   4.9019608e-01   4.5643992e-01   2.2445206e-01
   4.8627451e-01   4.5313349e-01   2.2168388e-01
   4.8235294e-01   4.4982706e-01   2.1891571e-01
   4.7843137e-01   4.4652063e-01   2.1614753e-01
   4.7450980e-01   4.4321420e-01   2.1337935e-01
   4.7058824e-01   4.3990776e-01   2.1061118e-01
   4.6666667e-01   4.3660133e-01   2.0784300e-01
   4.6274510e-01   4.3329490e-01   2.0507482e-01
   4.5882353e-01   4.2998847e-01   2.0230665e-01
   4.5490196e-01   4.2668204e-01   1.9953847e-01
   4.5098039e-01   4.2337561e-01   1.9677029e-01
   4.4705882e-01   4.2006918e-01   1.9400212e-01
   4.4313725e-01   4.1676275e-01   1.9123394e-01
   4.3921569e-01   4.1345631e-01   1.8846576e-01
   4.3529412e-01   4.1014988e-01   1.8569759e-01
   4.3137255e-01   4.0684345e-01   1.8292941e-01
   4.2745098e-01   4.0353702e-01   1.8016124e-01
   4.2352941e-01   4.0023059e-01   1.7739306e-01
   4.1960784e-01   3.9692416e-01   1.7462488e-01
   4.1568627e-01   3.9361773e-01   1.7185671e-01
   4.1176471e-01   3.9031129e-01   1.6908853e-01
   4.0784314e-01   3.8700486e-01   1.6632035e-01
   4.0392157e-01   3.8369843e-01   1.6355218e-01
   4.0000000e-01   3.8039200e-01   1.6078400e-01
   3.9807767e-01   3.7885414e-01   1.5878478e-01
   3.9615533e-01   3.7731627e-01   1.5678557e-01
   3.9423300e-01   3.7577841e-01   1.5478635e-01
   3.9231067e-01   3.7424055e-01   1.5278714e-01
   3.9038833e-01   3.7270269e-01   1.5078792e-01
   3.8846600e-01   3.7116482e-01   1.4878871e-01
   3.8654367e-01   3.6962696e-01   1.4678949e-01
   3.8462133e-01   3.6808910e-01   1.4479027e-01
   3.8269900e-01   3.6655124e-01   1.4279106e-01
   3.8077667e-01   3.6501337e-01   1.4079184e-01
   3.7885433e-01   3.6347551e-01   1.3879263e-01
   3.7693200e-01   3.6193765e-01   1.3679341e-01
   3.7500967e-01   3.6039978e-01   1.3479420e-01
   3.7308733e-01   3.5886192e-01   1.3279498e-01
   3.7116500e-01   3.5732406e-01   1.3079576e-01
   3.6924267e-01   3.5578620e-01   1.2879655e-01
   3.6732033e-01   3.5424833e-01   1.2679733e-01
   3.6539800e-01   3.5271047e-01   1.2479812e-01
   3.6347567e-01   3.5117261e-01   1.2279890e-01
   3.6155333e-01   3.4963475e-01   1.2079969e-01
   3.5963100e-01   3.4809688e-01   1.1880047e-01
   3.5770867e-01   3.4655902e-01   1.1680125e-01
   3.5578633e-01   3.4502116e-01   1.1480204e-01
   3.5386400e-01   3.4348329e-01   1.1280282e-01
   3.5194167e-01   3.4194543e-01   1.1080361e-01
   3.5001933e-01   3.4040757e-01   1.0880439e-01
   3.4809700e-01   3.3886971e-01   1.0680518e-01
   3.4617467e-01   3.3733184e-01   1.0480596e-01
   3.4425233e-01   3.3579398e-01   1.0280675e-01
   3.4233000e-01   3.3425612e-01   1.0080753e-01
   3.4040767e-01   3.3271825e-01   9.8808314e-02
   3.3848533e-01   3.3118039e-01   9.6809098e-02
   3.3656300e-01   3.2964253e-01   9.4809882e-02
   3.3464067e-01   3.2810467e-01   9.2810667e-02
   3.3271833e-01   3.2656680e-01   9.0811451e-02
   3.3079600e-01   3.2502894e-01   8.8812235e-02
   3.2887367e-01   3.2349108e-01   8.6813020e-02
   3.2695133e-01   3.2195322e-01   8.4813804e-02
   3.2502900e-01   3.2041535e-01   8.2814588e-02
   3.2310667e-01   3.1887749e-01   8.0815373e-02
   3.2118433e-01   3.1733963e-01   7.8816157e-02
   3.1926200e-01   3.1580176e-01   7.6816941e-02
   3.1733967e-01   3.1426390e-01   7.4817725e-02
   3.1541733e-01   3.1272604e-01   7.2818510e-02
   3.1349500e-01   3.1118818e-01   7.0819294e-02
   3.1157267e-01   3.0965031e-01   6.8820078e-02
   3.0965033e-01   3.0811245e-01   6.6820863e-02
   3.0772800e-01   3.0657459e-01   6.4821647e-02
   3.0580567e-01   3.0503673e-01   6.2822431e-02
   3.0388333e-01   3.0349886e-01   6.0823216e-02
   3.0196100e-01   3.0196100e-01   5.8824000e-02
   2.9965420e-01   2.9996176e-01   5.7670588e-02
   2.9734739e-01   2.9796253e-01   5.6517176e-02
   2.9504059e-01   2.9596329e-01   5.5363765e-02
   2.9273378e-01   2.9396406e-01   5.4210353e-02
   2.9042698e-01   2.9196482e-01   5.3056941e-02
   2.8812018e-01   2.8996559e-01   5.1903529e-02
   2.8581337e-01   2.8796635e-01   5.0750118e-02
   2.8350657e-01   2.8596712e-01   4.9596706e-02
   2.8119976e-01   2.8396788e-01   4.8443294e-02
   2.7889296e-01   2.8196865e-01   4.7289882e-02
   2.7658616e-01   2.7996941e-01   4.6136471e-02
   2.7427935e-01   2.7797018e-01   4.4983059e-02
   2.7197255e-01   2.7597094e-01   4.3829647e-02
   2.6966575e-01   2.7397171e-01   4.2676235e-02
   2.6735894e-01   2.7197247e-01   4.1522824e-02
   2.6505214e-01   2.6997324e-01   4.0369412e-02
   2.6274533e-01   2.6797400e-01   3.9216000e-02
   2.6043853e-01   2.6597476e-01   3.8062588e-02
   2.5813173e-01   2.6397553e-01   3.6909176e-02
   2.5582492e-01   2.6197629e-01   3.5755765e-02
   2.5351812e-01   2.5997706e-01   3.4602353e-02
   2.5121131e-01   2.5797782e-01   3.3448941e-02
   2.4890451e-01   2.5597859e-01   3.2295529e-02
   2.4659771e-01   2.5397935e-01   3.1142118e-02
   2.4429090e-01   2.5198012e-01   2.9988706e-02
   2.4198410e-01   2.4998088e-01   2.8835294e-02
   2.3967729e-01   2.4798165e-01   2.7681882e-02
   2.3737049e-01   2.4598241e-01   2.6528471e-02
   2.3506369e-01   2.4398318e-01   2.5375059e-02
   2.3275688e-01   2.4198394e-01   2.4221647e-02
   2.3045008e-01   2.3998471e-01   2.3068235e-02
   2.2814327e-01   2.3798547e-01   2.1914824e-02
   2.2583647e-01   2.3598624e-01   2.0761412e-02
   2.2352967e-01   2.3398700e-01   1.9608000e-02
   2.2122286e-01   2.3198776e-01   1.8454588e-02
   2.1891606e-01   2.2998853e-01   1.7301176e-02
   2.1660925e-01   2.2798929e-01   1.6147765e-02
   2.1430245e-01   2.2599006e-01   1.4994353e-02
   2.1199565e-01   2.2399082e-01   1.3840941e-02
   2.0968884e-01   2.2199159e-01   1.2687529e-02
   2.0738204e-01   2.1999235e-01   1.1534118e-02
   2.0507524e-01   2.1799312e-01   1.0380706e-02
   2.0276843e-01   2.1599388e-01   9.2272941e-03
   2.0046163e-01   2.1399465e-01   8.0738824e-03
   1.9815482e-01   2.1199541e-01   6.9204706e-03
   1.9584802e-01   2.0999618e-01   5.7670588e-03
   1.9354122e-01   2.0799694e-01   4.6136471e-03
   1.9123441e-01   2.0599771e-01   3.4602353e-03
   1.8892761e-01   2.0399847e-01   2.3068235e-03
   1.8662080e-01   2.0199924e-01   1.1534118e-03
   1.8431400e-01   2.0000000e-01   0.0000000e+00
