   8.8235300e-01   9.8039200e-01   9.6470600e-01
   8.7481743e-01   9.7808522e-01   9.6270675e-01
   8.6728186e-01   9.7577843e-01   9.6070749e-01
   8.5974629e-01   9.7347165e-01   9.5870824e-01
   8.5221073e-01   9.7116486e-01   9.5670898e-01
   8.4467516e-01   9.6885808e-01   9.5470973e-01
   8.3713959e-01   9.6655129e-01   9.5271047e-01
   8.2960402e-01   9.6424451e-01   9.5071122e-01
   8.2206845e-01   9.6193773e-01   9.4871196e-01
   8.1453288e-01   9.5963094e-01   9.4671271e-01
   8.0699731e-01   9.5732416e-01   9.4471345e-01
   7.9946175e-01   9.5501737e-01   9.4271420e-01
   7.9192618e-01   9.5271059e-01   9.4071494e-01
   7.8439061e-01   9.5040380e-01   9.3871569e-01
   7.7685504e-01   9.4809702e-01   9.3671643e-01
   7.6931947e-01   9.4579024e-01   9.3471718e-01
   7.6178390e-01   9.4348345e-01   9.3271792e-01
   7.5424833e-01   9.4117667e-01   9.3071867e-01
   7.4671276e-01   9.3886988e-01   9.2871941e-01
   7.3917720e-01   9.3656310e-01   9.2672016e-01
   7.3164163e-01   9.3425631e-01   9.2472090e-01
   7.2410606e-01   9.3194953e-01   9.2272165e-01
   7.1657049e-01   9.2964275e-01   9.2072239e-01
   7.0903492e-01   9.2733596e-01   9.1872314e-01
   7.0149935e-01   9.2502918e-01   9.1672388e-01
   6.9396378e-01   9.2272239e-01   9.1472463e-01
   6.8750473e-01   9.1964665e-01   9.1249471e-01
   6.8212218e-01   9.1580194e-01   9.1003412e-01
   6.7673963e-01   9.1195724e-01   9.0757353e-01
   6.7135708e-01   9.0811253e-01   9.0511294e-01
   6.6597453e-01   9.0426782e-01   9.0265235e-01
   6.6059198e-01   9.0042312e-01   9.0019176e-01
   6.5520943e-01   8.9657841e-01   8.9773118e-01
   6.4982688e-01   8.9273371e-01   8.9527059e-01
   6.4444433e-01   8.8888900e-01   8.9281000e-01
   6.3906178e-01   8.8504429e-01   8.9034941e-01
   6.3367924e-01   8.8119959e-01   8.8788882e-01
   6.2829669e-01   8.7735488e-01   8.8542824e-01
   6.2291414e-01   8.7351018e-01   8.8296765e-01
   6.1753159e-01   8.6966547e-01   8.8050706e-01
   6.1214904e-01   8.6582076e-01   8.7804647e-01
   6.0676649e-01   8.6197606e-01   8.7558588e-01
   6.0138394e-01   8.5813135e-01   8.7312529e-01
   5.9600139e-01   8.5428665e-01   8.7066471e-01
   5.9061884e-01   8.5044194e-01   8.6820412e-01
   5.8523629e-01   8.4659724e-01   8.6574353e-01
   5.7985375e-01   8.4275253e-01   8.6328294e-01
   5.7447120e-01   8.3890782e-01   8.6082235e-01
   5.6908865e-01   8.3506312e-01   8.5836176e-01
   5.6370610e-01   8.3121841e-01   8.5590118e-01
   5.5832355e-01   8.2737371e-01   8.5344059e-01
   5.5294100e-01   8.2352900e-01   8.5098000e-01
   5.5001904e-01   8.2014571e-01   8.4898078e-01
   5.4709708e-01   8.1676241e-01   8.4698157e-01
   5.4417512e-01   8.1337912e-01   8.4498235e-01
   5.4125316e-01   8.0999582e-01   8.4298314e-01
   5.3833120e-01   8.0661253e-01   8.4098392e-01
   5.3540924e-01   8.0322924e-01   8.3898471e-01
   5.3248727e-01   7.9984594e-01   8.3698549e-01
   5.2956531e-01   7.9646265e-01   8.3498627e-01
   5.2664335e-01   7.9307935e-01   8.3298706e-01
   5.2372139e-01   7.8969606e-01   8.3098784e-01
   5.2079943e-01   7.8631276e-01   8.2898863e-01
   5.1787747e-01   7.8292947e-01   8.2698941e-01
   5.1495551e-01   7.7954618e-01   8.2499020e-01
   5.1203355e-01   7.7616288e-01   8.2299098e-01
   5.0911159e-01   7.7277959e-01   8.2099176e-01
   5.0618963e-01   7.6939629e-01   8.1899255e-01
   5.0326767e-01   7.6601300e-01   8.1699333e-01
   5.0034571e-01   7.6262971e-01   8.1499412e-01
   4.9742375e-01   7.5924641e-01   8.1299490e-01
   4.9450178e-01   7.5586312e-01   8.1099569e-01
   4.9157982e-01   7.5247982e-01   8.0899647e-01
   4.8865786e-01   7.4909653e-01   8.0699725e-01
   4.8573590e-01   7.4571324e-01   8.0499804e-01
   4.8281394e-01   7.4232994e-01   8.0299882e-01
   4.7989198e-01   7.3894665e-01   8.0099961e-01
   4.7658557e-01   7.3448682e-01   7.9807767e-01
   4.7289471e-01   7.2895047e-01   7.9423300e-01
   4.6920384e-01   7.2341412e-01   7.9038833e-01
   4.6551298e-01   7.1787776e-01   7.8654367e-01
   4.6182212e-01   7.1234141e-01   7.8269900e-01
   4.5813125e-01   7.0680506e-01   7.7885433e-01
   4.5444039e-01   7.0126871e-01   7.7500967e-01
   4.5074953e-01   6.9573235e-01   7.7116500e-01
   4.4705867e-01   6.9019600e-01   7.6732033e-01
   4.4336780e-01   6.8465965e-01   7.6347567e-01
   4.3967694e-01   6.7912329e-01   7.5963100e-01
   4.3598608e-01   6.7358694e-01   7.5578633e-01
   4.3229522e-01   6.6805059e-01   7.5194167e-01
   4.2860435e-01   6.6251424e-01   7.4809700e-01
   4.2491349e-01   6.5697788e-01   7.4425233e-01
   4.2122263e-01   6.5144153e-01   7.4040767e-01
   4.1753176e-01   6.4590518e-01   7.3656300e-01
   4.1384090e-01   6.4036882e-01   7.3271833e-01
   4.1015004e-01   6.3483247e-01   7.2887367e-01
   4.0645918e-01   6.2929612e-01   7.2502900e-01
   4.0276831e-01   6.2375976e-01   7.2118433e-01
   3.9907745e-01   6.1822341e-01   7.1733967e-01
   3.9538659e-01   6.1268706e-01   7.1349500e-01
   3.9169573e-01   6.0715071e-01   7.0965033e-01
   3.8800486e-01   6.0161435e-01   7.0580567e-01
   3.8431400e-01   5.9607800e-01   7.0196100e-01
   3.8185341e-01   5.9192576e-01   6.9950041e-01
   3.7939282e-01   5.8777353e-01   6.9703982e-01
   3.7693224e-01   5.8362129e-01   6.9457924e-01
   3.7447165e-01   5.7946906e-01   6.9211865e-01
   3.7201106e-01   5.7531682e-01   6.8965806e-01
   3.6955047e-01   5.7116459e-01   6.8719747e-01
   3.6708988e-01   5.6701235e-01   6.8473688e-01
   3.6462929e-01   5.6286012e-01   6.8227629e-01
   3.6216871e-01   5.5870788e-01   6.7981571e-01
   3.5970812e-01   5.5455565e-01   6.7735512e-01
   3.5724753e-01   5.5040341e-01   6.7489453e-01
   3.5478694e-01   5.4625118e-01   6.7243394e-01
   3.5232635e-01   5.4209894e-01   6.6997335e-01
   3.4986576e-01   5.3794671e-01   6.6751276e-01
   3.4740518e-01   5.3379447e-01   6.6505218e-01
   3.4494459e-01   5.2964224e-01   6.6259159e-01
   3.4248400e-01   5.2549000e-01   6.6013100e-01
   3.4002341e-01   5.2133776e-01   6.5767041e-01
   3.3756282e-01   5.1718553e-01   6.5520982e-01
   3.3510224e-01   5.1303329e-01   6.5274924e-01
   3.3264165e-01   5.0888106e-01   6.5028865e-01
   3.3018106e-01   5.0472882e-01   6.4782806e-01
   3.2772047e-01   5.0057659e-01   6.4536747e-01
   3.2525988e-01   4.9642435e-01   6.4290688e-01
   3.2279929e-01   4.9227212e-01   6.4044629e-01
   3.2041559e-01   4.8827367e-01   6.3806259e-01
   3.1810876e-01   4.8442900e-01   6.3575576e-01
   3.1580194e-01   4.8058433e-01   6.3344894e-01
   3.1349512e-01   4.7673967e-01   6.3114212e-01
   3.1118829e-01   4.7289500e-01   6.2883529e-01
   3.0888147e-01   4.6905033e-01   6.2652847e-01
   3.0657465e-01   4.6520567e-01   6.2422165e-01
   3.0426782e-01   4.6136100e-01   6.2191482e-01
   3.0196100e-01   4.5751633e-01   6.1960800e-01
   2.9965418e-01   4.5367167e-01   6.1730118e-01
   2.9734735e-01   4.4982700e-01   6.1499435e-01
   2.9504053e-01   4.4598233e-01   6.1268753e-01
   2.9273371e-01   4.4213767e-01   6.1038071e-01
   2.9042688e-01   4.3829300e-01   6.0807388e-01
   2.8812006e-01   4.3444833e-01   6.0576706e-01
   2.8581324e-01   4.3060367e-01   6.0346024e-01
   2.8350641e-01   4.2675900e-01   6.0115341e-01
   2.8119959e-01   4.2291433e-01   5.9884659e-01
   2.7889276e-01   4.1906967e-01   5.9653976e-01
   2.7658594e-01   4.1522500e-01   5.9423294e-01
   2.7427912e-01   4.1138033e-01   5.9192612e-01
   2.7197229e-01   4.0753567e-01   5.8961929e-01
   2.6966547e-01   4.0369100e-01   5.8731247e-01
   2.6735865e-01   3.9984633e-01   5.8500565e-01
   2.6505182e-01   3.9600167e-01   5.8269882e-01
   2.6274500e-01   3.9215700e-01   5.8039200e-01
   2.6059198e-01   3.8861990e-01   5.7808522e-01
   2.5843896e-01   3.8508280e-01   5.7577843e-01
   2.5628594e-01   3.8154571e-01   5.7347165e-01
   2.5413292e-01   3.7800861e-01   5.7116486e-01
   2.5197990e-01   3.7447151e-01   5.6885808e-01
   2.4982688e-01   3.7093441e-01   5.6655129e-01
   2.4767386e-01   3.6739731e-01   5.6424451e-01
   2.4552084e-01   3.6386022e-01   5.6193773e-01
   2.4336782e-01   3.6032312e-01   5.5963094e-01
   2.4121480e-01   3.5678602e-01   5.5732416e-01
   2.3906178e-01   3.5324892e-01   5.5501737e-01
   2.3690876e-01   3.4971182e-01   5.5271059e-01
   2.3475575e-01   3.4617473e-01   5.5040380e-01
   2.3260273e-01   3.4263763e-01   5.4809702e-01
   2.3044971e-01   3.3910053e-01   5.4579024e-01
   2.2829669e-01   3.3556343e-01   5.4348345e-01
   2.2614367e-01   3.3202633e-01   5.4117667e-01
   2.2399065e-01   3.2848924e-01   5.3886988e-01
   2.2183763e-01   3.2495214e-01   5.3656310e-01
   2.1968461e-01   3.2141504e-01   5.3425631e-01
   2.1753159e-01   3.1787794e-01   5.3194953e-01
   2.1537857e-01   3.1434084e-01   5.2964275e-01
   2.1322555e-01   3.1080375e-01   5.2733596e-01
   2.1107253e-01   3.0726665e-01   5.2502918e-01
   2.0891951e-01   3.0372955e-01   5.2272239e-01
   2.0684339e-01   3.0011555e-01   5.2018490e-01
   2.0484418e-01   2.9642465e-01   5.1741671e-01
   2.0284496e-01   2.9273375e-01   5.1464851e-01
   2.0084575e-01   2.8904284e-01   5.1188031e-01
   1.9884653e-01   2.8535194e-01   5.0911212e-01
   1.9684731e-01   2.8166104e-01   5.0634392e-01
   1.9484810e-01   2.7797014e-01   5.0357573e-01
   1.9284888e-01   2.7427924e-01   5.0080753e-01
   1.9084967e-01   2.7058833e-01   4.9803933e-01
   1.8885045e-01   2.6689743e-01   4.9527114e-01
   1.8685124e-01   2.6320653e-01   4.9250294e-01
   1.8485202e-01   2.5951563e-01   4.8973475e-01
   1.8285280e-01   2.5582473e-01   4.8696655e-01
   1.8085359e-01   2.5213382e-01   4.8419835e-01
   1.7885437e-01   2.4844292e-01   4.8143016e-01
   1.7685516e-01   2.4475202e-01   4.7866196e-01
   1.7485594e-01   2.4106112e-01   4.7589376e-01
   1.7285673e-01   2.3737022e-01   4.7312557e-01
   1.7085751e-01   2.3367931e-01   4.7035737e-01
   1.6885829e-01   2.2998841e-01   4.6758918e-01
   1.6685908e-01   2.2629751e-01   4.6482098e-01
   1.6485986e-01   2.2260661e-01   4.6205278e-01
   1.6286065e-01   2.1891571e-01   4.5928459e-01
   1.6086143e-01   2.1522480e-01   4.5651639e-01
   1.5886222e-01   2.1153390e-01   4.5374820e-01
   1.5686300e-01   2.0784300e-01   4.5098000e-01
   1.5547892e-01   2.0538241e-01   4.4898078e-01
   1.5409484e-01   2.0292182e-01   4.4698157e-01
   1.5271076e-01   2.0046124e-01   4.4498235e-01
   1.5132669e-01   1.9800065e-01   4.4298314e-01
   1.4994261e-01   1.9554006e-01   4.4098392e-01
   1.4855853e-01   1.9307947e-01   4.3898471e-01
   1.4717445e-01   1.9061888e-01   4.3698549e-01
   1.4579037e-01   1.8815829e-01   4.3498627e-01
   1.4440629e-01   1.8569771e-01   4.3298706e-01
   1.4302222e-01   1.8323712e-01   4.3098784e-01
   1.4163814e-01   1.8077653e-01   4.2898863e-01
   1.4025406e-01   1.7831594e-01   4.2698941e-01
   1.3886998e-01   1.7585535e-01   4.2499020e-01
   1.3748590e-01   1.7339476e-01   4.2299098e-01
   1.3610182e-01   1.7093418e-01   4.2099176e-01
   1.3471775e-01   1.6847359e-01   4.1899255e-01
   1.3333367e-01   1.6601300e-01   4.1699333e-01
   1.3194959e-01   1.6355241e-01   4.1499412e-01
   1.3056551e-01   1.6109182e-01   4.1299490e-01
   1.2918143e-01   1.5863124e-01   4.1099569e-01
   1.2779735e-01   1.5617065e-01   4.0899647e-01
   1.2641327e-01   1.5371006e-01   4.0699725e-01
   1.2502920e-01   1.5124947e-01   4.0499804e-01
   1.2364512e-01   1.4878888e-01   4.0299882e-01
   1.2226104e-01   1.4632829e-01   4.0099961e-01
   1.2110763e-01   1.4394461e-01   3.9900039e-01
   1.2018488e-01   1.4163782e-01   3.9700118e-01
   1.1926214e-01   1.3933104e-01   3.9500196e-01
   1.1833939e-01   1.3702425e-01   3.9300275e-01
   1.1741665e-01   1.3471747e-01   3.9100353e-01
   1.1649390e-01   1.3241069e-01   3.8900431e-01
   1.1557116e-01   1.3010390e-01   3.8700510e-01
   1.1464841e-01   1.2779712e-01   3.8500588e-01
   1.1372567e-01   1.2549033e-01   3.8300667e-01
   1.1280292e-01   1.2318355e-01   3.8100745e-01
   1.1188018e-01   1.2087676e-01   3.7900824e-01
   1.1095743e-01   1.1856998e-01   3.7700902e-01
   1.1003469e-01   1.1626320e-01   3.7500980e-01
   1.0911194e-01   1.1395641e-01   3.7301059e-01
   1.0818920e-01   1.1164963e-01   3.7101137e-01
   1.0726645e-01   1.0934284e-01   3.6901216e-01
   1.0634371e-01   1.0703606e-01   3.6701294e-01
   1.0542096e-01   1.0472927e-01   3.6501373e-01
   1.0449822e-01   1.0242249e-01   3.6301451e-01
   1.0357547e-01   1.0011571e-01   3.6101529e-01
   1.0265273e-01   9.7808922e-02   3.5901608e-01
   1.0172998e-01   9.5502137e-02   3.5701686e-01
   1.0080724e-01   9.3195353e-02   3.5501765e-01
   9.9884490e-02   9.0888569e-02   3.5301843e-01
   9.8961745e-02   8.8581784e-02   3.5101922e-01
   9.8039000e-02   8.6275000e-02   3.4902000e-01
