   3.0196100e-01   1.8431400e-01   3.0196100e-01
   3.0284211e-01   1.8548887e-01   3.0548568e-01
   3.0372323e-01   1.8666374e-01   3.0901036e-01
   3.0460434e-01   1.8783860e-01   3.1253503e-01
   3.0548545e-01   1.8901347e-01   3.1605971e-01
   3.0636657e-01   1.9018834e-01   3.1958439e-01
   3.0724768e-01   1.9136321e-01   3.2310907e-01
   3.0812879e-01   1.9253807e-01   3.2663375e-01
   3.0900991e-01   1.9371294e-01   3.3015843e-01
   3.0989102e-01   1.9488781e-01   3.3368310e-01
   3.1077213e-01   1.9606268e-01   3.3720778e-01
   3.1165325e-01   1.9723755e-01   3.4073246e-01
   3.1253436e-01   1.9841241e-01   3.4425714e-01
   3.1341547e-01   1.9958728e-01   3.4778182e-01
   3.1412979e-01   2.0060713e-01   3.5165081e-01
   3.1475378e-01   2.0154303e-01   3.5570626e-01
   3.1537777e-01   2.0247894e-01   3.5976171e-01
   3.1600175e-01   2.0341484e-01   3.6381716e-01
   3.1662574e-01   2.0435075e-01   3.6787262e-01
   3.1724973e-01   2.0528665e-01   3.7192807e-01
   3.1787372e-01   2.0622255e-01   3.7598352e-01
   3.1849771e-01   2.0715846e-01   3.8003897e-01
   3.1912170e-01   2.0809436e-01   3.8409442e-01
   3.1974569e-01   2.0903027e-01   3.8814987e-01
   3.2036968e-01   2.0996617e-01   3.9220532e-01
   3.2099367e-01   2.1090207e-01   3.9626077e-01
   3.2156900e-01   2.1183921e-01   4.0032159e-01
   3.2156900e-01   2.1279090e-01   4.0444581e-01
   3.2156900e-01   2.1374259e-01   4.0857003e-01
   3.2156900e-01   2.1469429e-01   4.1269425e-01
   3.2156900e-01   2.1564598e-01   4.1681847e-01
   3.2156900e-01   2.1659767e-01   4.2094269e-01
   3.2156900e-01   2.1754937e-01   4.2506691e-01
   3.2156900e-01   2.1850106e-01   4.2919113e-01
   3.2156900e-01   2.1945275e-01   4.3331535e-01
   3.2156900e-01   2.2040445e-01   4.3743957e-01
   3.2156900e-01   2.2135614e-01   4.4156379e-01
   3.2156900e-01   2.2230783e-01   4.4568801e-01
   3.2156900e-01   2.2325953e-01   4.4981223e-01
   3.2058978e-01   2.2411654e-01   4.5352599e-01
   3.1922376e-01   2.2493617e-01   4.5707764e-01
   3.1785775e-01   2.2575579e-01   4.6062928e-01
   3.1649174e-01   2.2657541e-01   4.6418092e-01
   3.1512573e-01   2.2739503e-01   4.6773256e-01
   3.1375972e-01   2.2821465e-01   4.7128421e-01
   3.1239371e-01   2.2903427e-01   4.7483585e-01
   3.1102770e-01   2.2985389e-01   4.7838749e-01
   3.0966169e-01   2.3067351e-01   4.8193913e-01
   3.0829568e-01   2.3149313e-01   4.8549077e-01
   3.0692967e-01   2.3231275e-01   4.8904242e-01
   3.0556366e-01   2.3313237e-01   4.9259406e-01
   3.0419764e-01   2.3395199e-01   4.9614570e-01
   3.0283163e-01   2.3477161e-01   4.9969734e-01
   3.0169344e-01   2.3556156e-01   5.0356640e-01
   3.0095563e-01   2.3629937e-01   5.0799332e-01
   3.0021783e-01   2.3703717e-01   5.1242025e-01
   2.9948002e-01   2.3777498e-01   5.1684717e-01
   2.9874222e-01   2.3851278e-01   5.2127409e-01
   2.9800442e-01   2.3925058e-01   5.2570101e-01
   2.9726661e-01   2.3998839e-01   5.3012793e-01
   2.9652881e-01   2.4072619e-01   5.3455486e-01
   2.9579100e-01   2.4146400e-01   5.3898178e-01
   2.9505320e-01   2.4220180e-01   5.4340870e-01
   2.9431539e-01   2.4293961e-01   5.4783562e-01
   2.9488497e-01   2.4434226e-01   5.5329312e-01
   2.9593209e-01   2.4598776e-01   5.5912705e-01
   2.9697921e-01   2.4763326e-01   5.6496097e-01
   2.9802632e-01   2.4927875e-01   5.7079490e-01
   2.9907344e-01   2.5092425e-01   5.7662883e-01
   3.0012056e-01   2.5256975e-01   5.8246276e-01
   3.0116767e-01   2.5421524e-01   5.8829669e-01
   3.0221479e-01   2.5586074e-01   5.9413061e-01
   3.0326191e-01   2.5750624e-01   5.9996454e-01
   3.0430903e-01   2.5915174e-01   6.0579847e-01
   3.0535614e-01   2.6079723e-01   6.1163240e-01
   3.0640326e-01   2.6244273e-01   6.1746633e-01
   3.0745038e-01   2.6408823e-01   6.2330025e-01
   3.0849750e-01   2.6573372e-01   6.2913418e-01
   3.0954461e-01   2.6737922e-01   6.3496811e-01
   3.1059173e-01   2.6902472e-01   6.4080204e-01
   3.1163885e-01   2.7067022e-01   6.4663597e-01
   3.1268596e-01   2.7231571e-01   6.5246989e-01
   3.1373308e-01   2.7396121e-01   6.5830382e-01
   3.1478020e-01   2.7560671e-01   6.6413775e-01
   3.1582732e-01   2.7725220e-01   6.6997168e-01
   3.1687443e-01   2.7889770e-01   6.7580561e-01
   3.1792155e-01   2.8054320e-01   6.8163953e-01
   3.1896867e-01   2.8218870e-01   6.8747346e-01
   3.2001578e-01   2.8383419e-01   6.9330739e-01
   3.2106290e-01   2.8547969e-01   6.9914132e-01
   3.2224404e-01   2.8770947e-01   7.0407053e-01
   3.2355055e-01   2.9048583e-01   7.0815344e-01
   3.2485706e-01   2.9326218e-01   7.1223634e-01
   3.2616357e-01   2.9603853e-01   7.1631925e-01
   3.2747008e-01   2.9881488e-01   7.2040215e-01
   3.2877659e-01   3.0159124e-01   7.2448506e-01
   3.3008310e-01   3.0436759e-01   7.2856796e-01
   3.3138961e-01   3.0714394e-01   7.3265086e-01
   3.3269612e-01   3.0992030e-01   7.3673377e-01
   3.3400262e-01   3.1269665e-01   7.4081667e-01
   3.3530913e-01   3.1547300e-01   7.4489958e-01
   3.3661564e-01   3.1824936e-01   7.4898248e-01
   3.3792215e-01   3.2102571e-01   7.5306538e-01
   3.3922866e-01   3.2380206e-01   7.5714829e-01
   3.4053517e-01   3.2657842e-01   7.6123119e-01
   3.4184168e-01   3.2935477e-01   7.6531410e-01
   3.4314819e-01   3.3213112e-01   7.6939700e-01
   3.4445470e-01   3.3490748e-01   7.7347990e-01
   3.4576121e-01   3.3768383e-01   7.7756281e-01
   3.4706772e-01   3.4046018e-01   7.8164571e-01
   3.4837423e-01   3.4323654e-01   7.8572862e-01
   3.4968074e-01   3.4601289e-01   7.8981152e-01
   3.5098725e-01   3.4878924e-01   7.9389443e-01
   3.5229376e-01   3.5156559e-01   7.9797733e-01
   3.5372443e-01   3.5435117e-01   8.0104456e-01
   3.5527701e-01   3.5714581e-01   8.0311464e-01
   3.5682959e-01   3.5994045e-01   8.0518472e-01
   3.5838217e-01   3.6273509e-01   8.0725480e-01
   3.5993475e-01   3.6552973e-01   8.0932488e-01
   3.6148733e-01   3.6832437e-01   8.1139496e-01
   3.6303991e-01   3.7111901e-01   8.1346505e-01
   3.6459249e-01   3.7391365e-01   8.1553513e-01
   3.6614507e-01   3.7670829e-01   8.1760521e-01
   3.6769765e-01   3.7950293e-01   8.1967529e-01
   3.6925023e-01   3.8229756e-01   8.2174537e-01
   3.7080281e-01   3.8509220e-01   8.2381545e-01
   3.7235539e-01   3.8788684e-01   8.2588553e-01
   3.7390797e-01   3.9068148e-01   8.2795561e-01
   3.7546055e-01   3.9347612e-01   8.3002569e-01
   3.7701313e-01   3.9627076e-01   8.3209577e-01
   3.7856571e-01   3.9906540e-01   8.3416585e-01
   3.8011829e-01   4.0186004e-01   8.3623593e-01
   3.8167087e-01   4.0465468e-01   8.3830601e-01
   3.8322345e-01   4.0744931e-01   8.4037609e-01
   3.8477603e-01   4.1024395e-01   8.4244617e-01
   3.8632861e-01   4.1303859e-01   8.4451625e-01
   3.8788119e-01   4.1583323e-01   8.4658633e-01
   3.8943377e-01   4.1862787e-01   8.4865641e-01
   3.9098635e-01   4.2142251e-01   8.5072649e-01
   3.9253893e-01   4.2421715e-01   8.5279657e-01
   3.9409151e-01   4.2701179e-01   8.5486665e-01
   3.9564409e-01   4.2980643e-01   8.5693673e-01
   3.9719668e-01   4.3260106e-01   8.5900681e-01
   3.9874926e-01   4.3539570e-01   8.6107689e-01
   4.0030184e-01   4.3819034e-01   8.6314698e-01
   4.0185442e-01   4.4098498e-01   8.6521706e-01
   4.0340700e-01   4.4377962e-01   8.6728714e-01
   4.0495958e-01   4.4657426e-01   8.6935722e-01
   4.0651216e-01   4.4936890e-01   8.7142730e-01
   4.0806474e-01   4.5216354e-01   8.7349738e-01
   4.0961732e-01   4.5495818e-01   8.7556746e-01
   4.1116990e-01   4.5775281e-01   8.7763754e-01
   4.1328120e-01   4.6084562e-01   8.7881006e-01
   4.1573978e-01   4.6412373e-01   8.7942473e-01
   4.1819835e-01   4.6740185e-01   8.8003939e-01
   4.2065693e-01   4.7067997e-01   8.8065405e-01
   4.2311551e-01   4.7395809e-01   8.8126872e-01
   4.2557408e-01   4.7723621e-01   8.8188338e-01
   4.2803266e-01   4.8051432e-01   8.8249804e-01
   4.3049123e-01   4.8379244e-01   8.8311271e-01
   4.3294981e-01   4.8707056e-01   8.8372737e-01
   4.3540838e-01   4.9034868e-01   8.8434203e-01
   4.3786696e-01   4.9362680e-01   8.8495670e-01
   4.4032553e-01   4.9690491e-01   8.8557136e-01
   4.4278411e-01   5.0018303e-01   8.8618602e-01
   4.4524269e-01   5.0346115e-01   8.8680069e-01
   4.4770126e-01   5.0673927e-01   8.8741535e-01
   4.5015984e-01   5.1001739e-01   8.8803002e-01
   4.5261841e-01   5.1329551e-01   8.8864468e-01
   4.5507699e-01   5.1657362e-01   8.8925934e-01
   4.5753556e-01   5.1985174e-01   8.8987401e-01
   4.5999414e-01   5.2312986e-01   8.9048867e-01
   4.6245271e-01   5.2640798e-01   8.9110333e-01
   4.6491129e-01   5.2968610e-01   8.9171800e-01
   4.6736987e-01   5.3296421e-01   8.9233266e-01
   4.6982844e-01   5.3624233e-01   8.9294732e-01
   4.7228702e-01   5.3952045e-01   8.9356199e-01
   4.7474559e-01   5.4279857e-01   8.9417665e-01
   4.7720417e-01   5.4607669e-01   8.9479131e-01
   4.7966274e-01   5.4935480e-01   8.9540598e-01
   4.8212132e-01   5.5263292e-01   8.9602064e-01
   4.8457989e-01   5.5591104e-01   8.9663530e-01
   4.8703847e-01   5.5918916e-01   8.9724997e-01
   4.8949704e-01   5.6246728e-01   8.9786463e-01
   4.9195562e-01   5.6574539e-01   8.9847929e-01
   4.9441420e-01   5.6902351e-01   8.9909396e-01
   4.9687277e-01   5.7230163e-01   8.9970862e-01
   4.9933135e-01   5.7557975e-01   9.0032328e-01
   5.0178992e-01   5.7885787e-01   9.0093795e-01
   5.0424850e-01   5.8213599e-01   9.0155261e-01
   5.0661376e-01   5.8550312e-01   9.0218968e-01
   5.0879428e-01   5.8904648e-01   9.0287110e-01
   5.1097481e-01   5.9258984e-01   9.0355252e-01
   5.1315533e-01   5.9613320e-01   9.0423394e-01
   5.1533585e-01   5.9967656e-01   9.0491536e-01
   5.1751637e-01   6.0321992e-01   9.0559678e-01
   5.1969689e-01   6.0676328e-01   9.0627820e-01
   5.2187742e-01   6.1030665e-01   9.0695962e-01
   5.2405794e-01   6.1385001e-01   9.0764103e-01
   5.2623846e-01   6.1739337e-01   9.0832245e-01
   5.2841898e-01   6.2093673e-01   9.0900387e-01
   5.3059950e-01   6.2448009e-01   9.0968529e-01
   5.3278003e-01   6.2802345e-01   9.1036671e-01
   5.3496055e-01   6.3156681e-01   9.1104813e-01
   5.3714107e-01   6.3511017e-01   9.1172955e-01
   5.3932159e-01   6.3865354e-01   9.1241097e-01
   5.4150211e-01   6.4219690e-01   9.1309239e-01
   5.4368264e-01   6.4574026e-01   9.1377381e-01
   5.4586316e-01   6.4928362e-01   9.1445523e-01
   5.4804368e-01   6.5282698e-01   9.1513665e-01
   5.5022420e-01   6.5637034e-01   9.1581807e-01
   5.5240472e-01   6.5991370e-01   9.1649949e-01
   5.5458525e-01   6.6345706e-01   9.1718091e-01
   5.5676577e-01   6.6700043e-01   9.1786233e-01
   5.5894629e-01   6.7054379e-01   9.1854375e-01
   5.6112681e-01   6.7408715e-01   9.1922517e-01
   5.6330733e-01   6.7763051e-01   9.1990659e-01
   5.6548786e-01   6.8117387e-01   9.2058801e-01
   5.6766838e-01   6.8471723e-01   9.2126943e-01
   5.7109139e-01   6.8831863e-01   9.2229027e-01
   5.7548919e-01   6.9196556e-01   9.2357740e-01
   5.7988698e-01   6.9561248e-01   9.2486453e-01
   5.8428478e-01   6.9925941e-01   9.2615166e-01
   5.8868257e-01   7.0290634e-01   9.2743880e-01
   5.9308037e-01   7.0655326e-01   9.2872593e-01
   5.9747816e-01   7.1020019e-01   9.3001306e-01
   6.0187595e-01   7.1384712e-01   9.3130019e-01
   6.0627375e-01   7.1749404e-01   9.3258732e-01
   6.1067154e-01   7.2114097e-01   9.3387445e-01
   6.1506934e-01   7.2478790e-01   9.3516158e-01
   6.1946713e-01   7.2843483e-01   9.3644872e-01
   6.2386493e-01   7.3208175e-01   9.3773585e-01
   6.2826272e-01   7.3572868e-01   9.3902298e-01
   6.3266052e-01   7.3937561e-01   9.4031011e-01
   6.3705831e-01   7.4302253e-01   9.4159724e-01
   6.4145611e-01   7.4666946e-01   9.4288437e-01
   6.4585390e-01   7.5031639e-01   9.4417150e-01
   6.5025170e-01   7.5396331e-01   9.4545863e-01
   6.5464949e-01   7.5761024e-01   9.4674577e-01
   6.5904729e-01   7.6125717e-01   9.4803290e-01
   6.6344508e-01   7.6490410e-01   9.4932003e-01
   6.6784287e-01   7.6855102e-01   9.5060716e-01
   6.7224067e-01   7.7219795e-01   9.5189429e-01
   6.7663846e-01   7.7584488e-01   9.5318142e-01
   6.8103626e-01   7.7949180e-01   9.5446855e-01
   6.8543405e-01   7.8313873e-01   9.5575569e-01
   6.8983185e-01   7.8678566e-01   9.5704282e-01
   6.9422964e-01   7.9043258e-01   9.5832995e-01
   6.9862744e-01   7.9407951e-01   9.5961708e-01
   7.0302523e-01   7.9772644e-01   9.6090421e-01
   7.0742303e-01   8.0137337e-01   9.6219134e-01
   7.1182082e-01   8.0502029e-01   9.6347847e-01
   7.1621862e-01   8.0866722e-01   9.6476561e-01
   7.2061641e-01   8.1231415e-01   9.6605274e-01
   7.2501421e-01   8.1596107e-01   9.6733987e-01
   7.2941200e-01   8.1960800e-01   9.6862700e-01
