   1.0000000e+00   9.8431400e-01   8.0000000e-01
   9.9923106e-01   9.8123824e-01   7.8938871e-01
   9.9846212e-01   9.7816247e-01   7.7877741e-01
   9.9769318e-01   9.7508671e-01   7.6816612e-01
   9.9692424e-01   9.7201094e-01   7.5755482e-01
   9.9615529e-01   9.6893518e-01   7.4694353e-01
   9.9538635e-01   9.6585941e-01   7.3633224e-01
   9.9461741e-01   9.6278365e-01   7.2572094e-01
   9.9384847e-01   9.5970788e-01   7.1510965e-01
   9.9307953e-01   9.5663212e-01   7.0449835e-01
   9.9231059e-01   9.5355635e-01   6.9388706e-01
   9.9154165e-01   9.5048059e-01   6.8327576e-01
   9.9077271e-01   9.4740482e-01   6.7266447e-01
   9.9000376e-01   9.4432906e-01   6.6205318e-01
   9.8923482e-01   9.4125329e-01   6.5144188e-01
   9.8846588e-01   9.3817753e-01   6.4083059e-01
   9.8769694e-01   9.3510176e-01   6.3021929e-01
   9.8692800e-01   9.3202600e-01   6.1960800e-01
   9.8615906e-01   9.2895024e-01   6.0899671e-01
   9.8539012e-01   9.2587447e-01   5.9838541e-01
   9.8462118e-01   9.2279871e-01   5.8777412e-01
   9.8385224e-01   9.1972294e-01   5.7716282e-01
   9.8308329e-01   9.1664718e-01   5.6655153e-01
   9.8231435e-01   9.1357141e-01   5.5594024e-01
   9.8154541e-01   9.1049565e-01   5.4532894e-01
   9.8077647e-01   9.0741988e-01   5.3471765e-01
   9.8000753e-01   9.0411345e-01   5.2656694e-01
   9.7923859e-01   9.0057635e-01   5.2087682e-01
   9.7846965e-01   8.9703925e-01   5.1518671e-01
   9.7770071e-01   8.9350216e-01   5.0949659e-01
   9.7693176e-01   8.8996506e-01   5.0380647e-01
   9.7616282e-01   8.8642796e-01   4.9811635e-01
   9.7539388e-01   8.8289086e-01   4.9242624e-01
   9.7462494e-01   8.7935376e-01   4.8673612e-01
   9.7385600e-01   8.7581667e-01   4.8104600e-01
   9.7308706e-01   8.7227957e-01   4.7535588e-01
   9.7231812e-01   8.6874247e-01   4.6966576e-01
   9.7154918e-01   8.6520537e-01   4.6397565e-01
   9.7078024e-01   8.6166827e-01   4.5828553e-01
   9.7001129e-01   8.5813118e-01   4.5259541e-01
   9.6924235e-01   8.5459408e-01   4.4690529e-01
   9.6847341e-01   8.5105698e-01   4.4121518e-01
   9.6770447e-01   8.4751988e-01   4.3552506e-01
   9.6693553e-01   8.4398278e-01   4.2983494e-01
   9.6616659e-01   8.4044569e-01   4.2414482e-01
   9.6539765e-01   8.3690859e-01   4.1845471e-01
   9.6462871e-01   8.3337149e-01   4.1276459e-01
   9.6385976e-01   8.2983439e-01   4.0707447e-01
   9.6309082e-01   8.2629729e-01   4.0138435e-01
   9.6232188e-01   8.2276020e-01   3.9569424e-01
   9.6155294e-01   8.1922310e-01   3.9000412e-01
   9.6078400e-01   8.1568600e-01   3.8431400e-01
   9.5601663e-01   8.0953455e-01   3.8077690e-01
   9.5124925e-01   8.0338310e-01   3.7723980e-01
   9.4648188e-01   7.9723165e-01   3.7370271e-01
   9.4171451e-01   7.9108020e-01   3.7016561e-01
   9.3694714e-01   7.8492875e-01   3.6662851e-01
   9.3217976e-01   7.7877729e-01   3.6309141e-01
   9.2741239e-01   7.7262584e-01   3.5955431e-01
   9.2264502e-01   7.6647439e-01   3.5601722e-01
   9.1787765e-01   7.6032294e-01   3.5248012e-01
   9.1311027e-01   7.5417149e-01   3.4894302e-01
   9.0834290e-01   7.4802004e-01   3.4540592e-01
   9.0357553e-01   7.4186859e-01   3.4186882e-01
   8.9880816e-01   7.3571714e-01   3.3833173e-01
   8.9404078e-01   7.2956569e-01   3.3479463e-01
   8.8927341e-01   7.2341424e-01   3.3125753e-01
   8.8450604e-01   7.1726278e-01   3.2772043e-01
   8.7973867e-01   7.1111133e-01   3.2418333e-01
   8.7497129e-01   7.0495988e-01   3.2064624e-01
   8.7020392e-01   6.9880843e-01   3.1710914e-01
   8.6543655e-01   6.9265698e-01   3.1357204e-01
   8.6066918e-01   6.8650553e-01   3.1003494e-01
   8.5590180e-01   6.8035408e-01   3.0649784e-01
   8.5113443e-01   6.7420263e-01   3.0296075e-01
   8.4636706e-01   6.6805118e-01   2.9942365e-01
   8.4159969e-01   6.6189973e-01   2.9588655e-01
   8.3690920e-01   6.5590204e-01   2.9258012e-01
   8.3229559e-01   6.5005812e-01   2.8950435e-01
   8.2768198e-01   6.4421420e-01   2.8642859e-01
   8.2306837e-01   6.3837027e-01   2.8335282e-01
   8.1845476e-01   6.3252635e-01   2.8027706e-01
   8.1384116e-01   6.2668243e-01   2.7720129e-01
   8.0922755e-01   6.2083851e-01   2.7412553e-01
   8.0461394e-01   6.1499459e-01   2.7104976e-01
   8.0000033e-01   6.0915067e-01   2.6797400e-01
   7.9538673e-01   6.0330675e-01   2.6489824e-01
   7.9077312e-01   5.9746282e-01   2.6182247e-01
   7.8615951e-01   5.9161890e-01   2.5874671e-01
   7.8154590e-01   5.8577498e-01   2.5567094e-01
   7.7693229e-01   5.7993106e-01   2.5259518e-01
   7.7231869e-01   5.7408714e-01   2.4951941e-01
   7.6770508e-01   5.6824322e-01   2.4644365e-01
   7.6309147e-01   5.6239929e-01   2.4336788e-01
   7.5847786e-01   5.5655537e-01   2.4029212e-01
   7.5386425e-01   5.5071145e-01   2.3721635e-01
   7.4925065e-01   5.4486753e-01   2.3414059e-01
   7.4463704e-01   5.3902361e-01   2.3106482e-01
   7.4002343e-01   5.3317969e-01   2.2798906e-01
   7.3540982e-01   5.2733576e-01   2.2491329e-01
   7.3079622e-01   5.2149184e-01   2.2183753e-01
   7.2618261e-01   5.1564792e-01   2.1876176e-01
   7.2156900e-01   5.0980400e-01   2.1568600e-01
   7.1880080e-01   5.0611310e-01   2.1430192e-01
   7.1603261e-01   5.0242220e-01   2.1291784e-01
   7.1326441e-01   4.9873129e-01   2.1153376e-01
   7.1049622e-01   4.9504039e-01   2.1014969e-01
   7.0772802e-01   4.9134949e-01   2.0876561e-01
   7.0495982e-01   4.8765859e-01   2.0738153e-01
   7.0219163e-01   4.8396769e-01   2.0599745e-01
   6.9942343e-01   4.8027678e-01   2.0461337e-01
   6.9665524e-01   4.7658588e-01   2.0322929e-01
   6.9388704e-01   4.7289498e-01   2.0184522e-01
   6.9111884e-01   4.6920408e-01   2.0046114e-01
   6.8835065e-01   4.6551318e-01   1.9907706e-01
   6.8558245e-01   4.6182227e-01   1.9769298e-01
   6.8281425e-01   4.5813137e-01   1.9630890e-01
   6.8004606e-01   4.5444047e-01   1.9492482e-01
   6.7727786e-01   4.5074957e-01   1.9354075e-01
   6.7450967e-01   4.4705867e-01   1.9215667e-01
   6.7174147e-01   4.4336776e-01   1.9077259e-01
   6.6897327e-01   4.3967686e-01   1.8938851e-01
   6.6620508e-01   4.3598596e-01   1.8800443e-01
   6.6343688e-01   4.3229506e-01   1.8662035e-01
   6.6066869e-01   4.2860416e-01   1.8523627e-01
   6.5790049e-01   4.2491325e-01   1.8385220e-01
   6.5513229e-01   4.2122235e-01   1.8246812e-01
   6.5236410e-01   4.1753145e-01   1.8108404e-01
   6.4898078e-01   4.1360988e-01   1.7954618e-01
   6.4498235e-01   4.0945765e-01   1.7785453e-01
   6.4098392e-01   4.0530541e-01   1.7616288e-01
   6.3698549e-01   4.0115318e-01   1.7447124e-01
   6.3298706e-01   3.9700094e-01   1.7277959e-01
   6.2898863e-01   3.9284871e-01   1.7108794e-01
   6.2499020e-01   3.8869647e-01   1.6939629e-01
   6.2099176e-01   3.8454424e-01   1.6770465e-01
   6.1699333e-01   3.8039200e-01   1.6601300e-01
   6.1299490e-01   3.7623976e-01   1.6432135e-01
   6.0899647e-01   3.7208753e-01   1.6262971e-01
   6.0499804e-01   3.6793529e-01   1.6093806e-01
   6.0099961e-01   3.6378306e-01   1.5924641e-01
   5.9700118e-01   3.5963082e-01   1.5755476e-01
   5.9300275e-01   3.5547859e-01   1.5586312e-01
   5.8900431e-01   3.5132635e-01   1.5417147e-01
   5.8500588e-01   3.4717412e-01   1.5247982e-01
   5.8100745e-01   3.4302188e-01   1.5078818e-01
   5.7700902e-01   3.3886965e-01   1.4909653e-01
   5.7301059e-01   3.3471741e-01   1.4740488e-01
   5.6901216e-01   3.3056518e-01   1.4571324e-01
   5.6501373e-01   3.2641294e-01   1.4402159e-01
   5.6101529e-01   3.2226071e-01   1.4232994e-01
   5.5701686e-01   3.1810847e-01   1.4063829e-01
   5.5301843e-01   3.1395624e-01   1.3894665e-01
   5.4902000e-01   3.0980400e-01   1.3725500e-01
   5.4517529e-01   3.0611310e-01   1.3571712e-01
   5.4133059e-01   3.0242220e-01   1.3417924e-01
   5.3748588e-01   2.9873129e-01   1.3264135e-01
   5.3364118e-01   2.9504039e-01   1.3110347e-01
   5.2979647e-01   2.9134949e-01   1.2956559e-01
   5.2595176e-01   2.8765859e-01   1.2802771e-01
   5.2210706e-01   2.8396769e-01   1.2648982e-01
   5.1826235e-01   2.8027678e-01   1.2495194e-01
   5.1441765e-01   2.7658588e-01   1.2341406e-01
   5.1057294e-01   2.7289498e-01   1.2187618e-01
   5.0672824e-01   2.6920408e-01   1.2033829e-01
   5.0288353e-01   2.6551318e-01   1.1880041e-01
   4.9903882e-01   2.6182227e-01   1.1726253e-01
   4.9519412e-01   2.5813137e-01   1.1572465e-01
   4.9134941e-01   2.5444047e-01   1.1418676e-01
   4.8750471e-01   2.5074957e-01   1.1264888e-01
   4.8366000e-01   2.4705867e-01   1.1111100e-01
   4.7981529e-01   2.4336776e-01   1.0957312e-01
   4.7597059e-01   2.3967686e-01   1.0803524e-01
   4.7212588e-01   2.3598596e-01   1.0649735e-01
   4.6828118e-01   2.3229506e-01   1.0495947e-01
   4.6443647e-01   2.2860416e-01   1.0342159e-01
   4.6059176e-01   2.2491325e-01   1.0188371e-01
   4.5674706e-01   2.2122235e-01   1.0034582e-01
   4.5290235e-01   2.1753145e-01   9.8807941e-02
   4.4898078e-01   2.1376367e-01   9.6962490e-02
   4.4498235e-01   2.0991900e-01   9.4809471e-02
   4.4098392e-01   2.0607433e-01   9.2656451e-02
   4.3698549e-01   2.0222967e-01   9.0503431e-02
   4.3298706e-01   1.9838500e-01   8.8350412e-02
   4.2898863e-01   1.9454033e-01   8.6197392e-02
   4.2499020e-01   1.9069567e-01   8.4044373e-02
   4.2099176e-01   1.8685100e-01   8.1891353e-02
   4.1699333e-01   1.8300633e-01   7.9738333e-02
   4.1299490e-01   1.7916167e-01   7.7585314e-02
   4.0899647e-01   1.7531700e-01   7.5432294e-02
   4.0499804e-01   1.7147233e-01   7.3279275e-02
   4.0099961e-01   1.6762767e-01   7.1126255e-02
   3.9700118e-01   1.6378300e-01   6.8973235e-02
   3.9300275e-01   1.5993833e-01   6.6820216e-02
   3.8900431e-01   1.5609367e-01   6.4667196e-02
   3.8500588e-01   1.5224900e-01   6.2514176e-02
   3.8100745e-01   1.4840433e-01   6.0361157e-02
   3.7700902e-01   1.4455967e-01   5.8208137e-02
   3.7301059e-01   1.4071500e-01   5.6055118e-02
   3.6901216e-01   1.3687033e-01   5.3902098e-02
   3.6501373e-01   1.3302567e-01   5.1749078e-02
   3.6101529e-01   1.2918100e-01   4.9596059e-02
   3.5701686e-01   1.2533633e-01   4.7443039e-02
   3.5301843e-01   1.2149167e-01   4.5290020e-02
   3.4902000e-01   1.1764700e-01   4.3137000e-02
   3.4517529e-01   1.1534022e-01   4.2214294e-02
   3.4133059e-01   1.1303343e-01   4.1291588e-02
   3.3748588e-01   1.1072665e-01   4.0368882e-02
   3.3364118e-01   1.0841986e-01   3.9446176e-02
   3.2979647e-01   1.0611308e-01   3.8523471e-02
   3.2595176e-01   1.0380629e-01   3.7600765e-02
   3.2210706e-01   1.0149951e-01   3.6678059e-02
   3.1826235e-01   9.9192725e-02   3.5755353e-02
   3.1441765e-01   9.6885941e-02   3.4832647e-02
   3.1057294e-01   9.4579157e-02   3.3909941e-02
   3.0672824e-01   9.2272373e-02   3.2987235e-02
   3.0288353e-01   8.9965588e-02   3.2064529e-02
   2.9903882e-01   8.7658804e-02   3.1141824e-02
   2.9519412e-01   8.5352020e-02   3.0219118e-02
   2.9134941e-01   8.3045235e-02   2.9296412e-02
   2.8750471e-01   8.0738451e-02   2.8373706e-02
   2.8366000e-01   7.8431667e-02   2.7451000e-02
   2.7981529e-01   7.6124882e-02   2.6528294e-02
   2.7597059e-01   7.3818098e-02   2.5605588e-02
   2.7212588e-01   7.1511314e-02   2.4682882e-02
   2.6828118e-01   6.9204529e-02   2.3760176e-02
   2.6443647e-01   6.6897745e-02   2.2837471e-02
   2.6059176e-01   6.4590961e-02   2.1914765e-02
   2.5674706e-01   6.2284176e-02   2.0992059e-02
   2.5290235e-01   5.9977392e-02   2.0069353e-02
   2.4898078e-01   5.7747490e-02   1.9223529e-02
   2.4498235e-01   5.5594471e-02   1.8454588e-02
   2.4098392e-01   5.3441451e-02   1.7685647e-02
   2.3698549e-01   5.1288431e-02   1.6916706e-02
   2.3298706e-01   4.9135412e-02   1.6147765e-02
   2.2898863e-01   4.6982392e-02   1.5378824e-02
   2.2499020e-01   4.4829373e-02   1.4609882e-02
   2.2099176e-01   4.2676353e-02   1.3840941e-02
   2.1699333e-01   4.0523333e-02   1.3072000e-02
   2.1299490e-01   3.8370314e-02   1.2303059e-02
   2.0899647e-01   3.6217294e-02   1.1534118e-02
   2.0499804e-01   3.4064275e-02   1.0765176e-02
   2.0099961e-01   3.1911255e-02   9.9962353e-03
   1.9700118e-01   2.9758235e-02   9.2272941e-03
   1.9300275e-01   2.7605216e-02   8.4583529e-03
   1.8900431e-01   2.5452196e-02   7.6894118e-03
   1.8500588e-01   2.3299176e-02   6.9204706e-03
   1.8100745e-01   2.1146157e-02   6.1515294e-03
   1.7700902e-01   1.8993137e-02   5.3825882e-03
   1.7301059e-01   1.6840118e-02   4.6136471e-03
   1.6901216e-01   1.4687098e-02   3.8447059e-03
   1.6501373e-01   1.2534078e-02   3.0757647e-03
   1.6101529e-01   1.0381059e-02   2.3068235e-03
   1.5701686e-01   8.2280392e-03   1.5378824e-03
   1.5301843e-01   6.0750196e-03   7.6894118e-04
   1.4902000e-01   3.9220000e-03   0.0000000e+00
