   9.4117600e-01   9.4117600e-01   8.9411800e-01
   9.3625482e-01   9.3625482e-01   8.8735133e-01
   9.3133365e-01   9.3133365e-01   8.8058467e-01
   9.2641247e-01   9.2641247e-01   8.7381800e-01
   9.2149129e-01   9.2149129e-01   8.6705133e-01
   9.1657012e-01   9.1657012e-01   8.6028467e-01
   9.1164894e-01   9.1164894e-01   8.5351800e-01
   9.0672776e-01   9.0672776e-01   8.4675133e-01
   9.0180659e-01   9.0180659e-01   8.3998467e-01
   8.9688541e-01   8.9688541e-01   8.3321800e-01
   8.9196424e-01   8.9196424e-01   8.2645133e-01
   8.8704306e-01   8.8704306e-01   8.1968467e-01
   8.8212188e-01   8.8212188e-01   8.1291800e-01
   8.7727761e-01   8.7727761e-01   8.0645892e-01
   8.7266404e-01   8.7266404e-01   8.0092261e-01
   8.6805047e-01   8.6805047e-01   7.9538629e-01
   8.6343690e-01   8.6343690e-01   7.8984998e-01
   8.5882333e-01   8.5882333e-01   7.8431367e-01
   8.5420976e-01   8.5420976e-01   7.7877735e-01
   8.4959620e-01   8.4959620e-01   7.7324104e-01
   8.4498263e-01   8.4498263e-01   7.6770473e-01
   8.4036906e-01   8.4036906e-01   7.6216841e-01
   8.3575549e-01   8.3575549e-01   7.5663210e-01
   8.3114192e-01   8.3114192e-01   7.5109578e-01
   8.2652835e-01   8.2652835e-01   7.4555947e-01
   8.2191478e-01   8.2191478e-01   7.4002316e-01
   8.1837769e-01   8.1822392e-01   7.3587092e-01
   8.1591706e-01   8.1545576e-01   7.3310276e-01
   8.1345643e-01   8.1268761e-01   7.3033461e-01
   8.1099580e-01   8.0991945e-01   7.2756645e-01
   8.0853518e-01   8.0715129e-01   7.2479829e-01
   8.0607455e-01   8.0438314e-01   7.2203014e-01
   8.0361392e-01   8.0161498e-01   7.1926198e-01
   8.0115329e-01   7.9884682e-01   7.1649382e-01
   7.9869267e-01   7.9607867e-01   7.1372567e-01
   7.9623204e-01   7.9331051e-01   7.1095751e-01
   7.9377141e-01   7.9054235e-01   7.0818935e-01
   7.9131078e-01   7.8777420e-01   7.0542120e-01
   7.8885016e-01   7.8500604e-01   7.0265304e-01
   7.8592824e-01   7.8177647e-01   6.9942353e-01
   7.8285255e-01   7.7839310e-01   6.9604024e-01
   7.7977686e-01   7.7500973e-01   6.9265694e-01
   7.7670118e-01   7.7162635e-01   6.8927365e-01
   7.7362549e-01   7.6824298e-01   6.8589035e-01
   7.7054980e-01   7.6485961e-01   6.8250706e-01
   7.6747412e-01   7.6147624e-01   6.7912376e-01
   7.6439843e-01   7.5809286e-01   6.7574047e-01
   7.6132275e-01   7.5470949e-01   6.7235718e-01
   7.5824706e-01   7.5132612e-01   6.6897388e-01
   7.5517137e-01   7.4794275e-01   6.6559059e-01
   7.5209569e-01   7.4455937e-01   6.6220729e-01
   7.4902000e-01   7.4117600e-01   6.5882400e-01
   7.4532910e-01   7.3717757e-01   6.5482549e-01
   7.4163820e-01   7.3317914e-01   6.5082698e-01
   7.3794729e-01   7.2918071e-01   6.4682847e-01
   7.3425639e-01   7.2518227e-01   6.4282996e-01
   7.3056549e-01   7.2118384e-01   6.3883145e-01
   7.2687459e-01   7.1718541e-01   6.3483294e-01
   7.2318369e-01   7.1318698e-01   6.3083443e-01
   7.1949278e-01   7.0918855e-01   6.2683592e-01
   7.1580188e-01   7.0519012e-01   6.2283741e-01
   7.1211098e-01   7.0119169e-01   6.1883890e-01
   7.0842008e-01   6.9719325e-01   6.1484039e-01
   7.0472918e-01   6.9319482e-01   6.1084188e-01
   7.0096137e-01   6.8919639e-01   6.0699718e-01
   6.9696286e-01   6.8519796e-01   6.0361388e-01
   6.9296435e-01   6.8119953e-01   6.0023059e-01
   6.8896584e-01   6.7720110e-01   5.9684729e-01
   6.8496733e-01   6.7320267e-01   5.9346400e-01
   6.8096882e-01   6.6920424e-01   5.9008071e-01
   6.7697031e-01   6.6520580e-01   5.8669741e-01
   6.7297180e-01   6.6120737e-01   5.8331412e-01
   6.6897329e-01   6.5720894e-01   5.7993082e-01
   6.6497478e-01   6.5321051e-01   5.7654753e-01
   6.6097627e-01   6.4921208e-01   5.7316424e-01
   6.5697776e-01   6.4521365e-01   5.6978094e-01
   6.5297925e-01   6.4121522e-01   5.6639765e-01
   6.4944216e-01   6.3737055e-01   5.6316812e-01
   6.4636647e-01   6.3367965e-01   5.6009235e-01
   6.4329078e-01   6.2998875e-01   5.5701659e-01
   6.4021510e-01   6.2629784e-01   5.5394082e-01
   6.3713941e-01   6.2260694e-01   5.5086506e-01
   6.3406373e-01   6.1891604e-01   5.4778929e-01
   6.3098804e-01   6.1522514e-01   5.4471353e-01
   6.2791235e-01   6.1153424e-01   5.4163776e-01
   6.2483667e-01   6.0784333e-01   5.3856200e-01
   6.2176098e-01   6.0415243e-01   5.3548624e-01
   6.1868529e-01   6.0046153e-01   5.3241047e-01
   6.1560961e-01   5.9677063e-01   5.2933471e-01
   6.1253392e-01   5.9307973e-01   5.2625894e-01
   6.0991953e-01   5.9008088e-01   5.2364459e-01
   6.0745890e-01   5.8731273e-01   5.2118404e-01
   6.0499827e-01   5.8454457e-01   5.1872349e-01
   6.0253765e-01   5.8177641e-01   5.1626294e-01
   6.0007702e-01   5.7900825e-01   5.1380239e-01
   5.9761639e-01   5.7624010e-01   5.1134184e-01
   5.9515576e-01   5.7347194e-01   5.0888129e-01
   5.9269514e-01   5.7070378e-01   5.0642075e-01
   5.9023451e-01   5.6793563e-01   5.0396020e-01
   5.8777388e-01   5.6516747e-01   5.0149965e-01
   5.8531325e-01   5.6239931e-01   4.9903910e-01
   5.8285263e-01   5.5963116e-01   4.9657855e-01
   5.8039200e-01   5.5686300e-01   4.9411800e-01
   5.7731624e-01   5.5347963e-01   4.9104224e-01
   5.7424047e-01   5.5009625e-01   4.8796647e-01
   5.7116471e-01   5.4671288e-01   4.8489071e-01
   5.6808894e-01   5.4332951e-01   4.8181494e-01
   5.6501318e-01   5.3994614e-01   4.7873918e-01
   5.6193741e-01   5.3656276e-01   4.7566341e-01
   5.5886165e-01   5.3317939e-01   4.7258765e-01
   5.5578588e-01   5.2979602e-01   4.6951188e-01
   5.5271012e-01   5.2641265e-01   4.6643612e-01
   5.4963435e-01   5.2302927e-01   4.6336035e-01
   5.4655859e-01   5.1964590e-01   4.6028459e-01
   5.4348282e-01   5.1626253e-01   4.5720882e-01
   5.4056086e-01   5.1303296e-01   4.5436375e-01
   5.3810031e-01   5.1026480e-01   4.5221073e-01
   5.3563976e-01   5.0749665e-01   4.5005771e-01
   5.3317922e-01   5.0472849e-01   4.4790469e-01
   5.3071867e-01   5.0196033e-01   4.4575167e-01
   5.2825812e-01   4.9919218e-01   4.4359865e-01
   5.2579757e-01   4.9642402e-01   4.4144563e-01
   5.2333702e-01   4.9365586e-01   4.3929261e-01
   5.2087647e-01   4.9088771e-01   4.3713959e-01
   5.1841592e-01   4.8811955e-01   4.3498657e-01
   5.1595537e-01   4.8535139e-01   4.3283355e-01
   5.1349482e-01   4.8258324e-01   4.3068053e-01
   5.1103427e-01   4.7981508e-01   4.2852751e-01
   5.0903506e-01   4.7750829e-01   4.2668206e-01
   5.0749718e-01   4.7566288e-01   4.2514418e-01
   5.0595929e-01   4.7381747e-01   4.2360629e-01
   5.0442141e-01   4.7197206e-01   4.2206841e-01
   5.0288353e-01   4.7012665e-01   4.2053053e-01
   5.0134565e-01   4.6828124e-01   4.1899265e-01
   4.9980776e-01   4.6643582e-01   4.1745476e-01
   4.9826988e-01   4.6459041e-01   4.1591688e-01
   4.9673200e-01   4.6274500e-01   4.1437900e-01
   4.9519412e-01   4.6089959e-01   4.1284112e-01
   4.9365624e-01   4.5905418e-01   4.1130324e-01
   4.9211835e-01   4.5720876e-01   4.0976535e-01
   4.9058047e-01   4.5536335e-01   4.0822747e-01
   4.8904259e-01   4.5351794e-01   4.0668959e-01
   4.8750471e-01   4.5167253e-01   4.0515171e-01
   4.8596682e-01   4.4982712e-01   4.0361382e-01
   4.8442894e-01   4.4798171e-01   4.0207594e-01
   4.8289106e-01   4.4613629e-01   4.0053806e-01
   4.8135318e-01   4.4429088e-01   3.9900018e-01
   4.7981529e-01   4.4244547e-01   3.9746229e-01
   4.7827741e-01   4.4060006e-01   3.9592441e-01
   4.7673953e-01   4.3875465e-01   3.9438653e-01
   4.7520165e-01   4.3690924e-01   3.9284865e-01
   4.7366376e-01   4.3506382e-01   3.9131076e-01
   4.7212588e-01   4.3321841e-01   3.8977288e-01
   4.7058800e-01   4.3137300e-01   3.8823500e-01
   4.6905012e-01   4.2952751e-01   3.8669712e-01
   4.6751224e-01   4.2768202e-01   3.8515924e-01
   4.6597435e-01   4.2583653e-01   3.8362135e-01
   4.6443647e-01   4.2399104e-01   3.8208347e-01
   4.6289859e-01   4.2214555e-01   3.8054559e-01
   4.6136071e-01   4.2030006e-01   3.7900771e-01
   4.5982282e-01   4.1845457e-01   3.7746982e-01
   4.5828494e-01   4.1660908e-01   3.7593194e-01
   4.5674706e-01   4.1476359e-01   3.7439406e-01
   4.5520918e-01   4.1291810e-01   3.7285618e-01
   4.5367129e-01   4.1107261e-01   3.7131829e-01
   4.5213341e-01   4.0922712e-01   3.6978041e-01
   4.5036486e-01   4.0722786e-01   3.6816565e-01
   4.4790431e-01   4.0476731e-01   3.6632024e-01
   4.4544376e-01   4.0230676e-01   3.6447482e-01
   4.4298322e-01   3.9984622e-01   3.6262941e-01
   4.4052267e-01   3.9738567e-01   3.6078400e-01
   4.3806212e-01   3.9492512e-01   3.5893859e-01
   4.3560157e-01   3.9246457e-01   3.5709318e-01
   4.3314102e-01   3.9000402e-01   3.5524776e-01
   4.3068047e-01   3.8754347e-01   3.5340235e-01
   4.2821992e-01   3.8508292e-01   3.5155694e-01
   4.2575937e-01   3.8262237e-01   3.4971153e-01
   4.2329882e-01   3.8016182e-01   3.4786612e-01
   4.2083827e-01   3.7770127e-01   3.4602071e-01
   4.1837769e-01   3.7508688e-01   3.4402149e-01
   4.1591706e-01   3.7231865e-01   3.4186847e-01
   4.1345643e-01   3.6955041e-01   3.3971545e-01
   4.1099580e-01   3.6678218e-01   3.3756243e-01
   4.0853518e-01   3.6401394e-01   3.3540941e-01
   4.0607455e-01   3.6124571e-01   3.3325639e-01
   4.0361392e-01   3.5847747e-01   3.3110337e-01
   4.0115329e-01   3.5570924e-01   3.2895035e-01
   3.9869267e-01   3.5294100e-01   3.2679733e-01
   3.9623204e-01   3.5017276e-01   3.2464431e-01
   3.9377141e-01   3.4740453e-01   3.2249129e-01
   3.9131078e-01   3.4463629e-01   3.2033827e-01
   3.8885016e-01   3.4186806e-01   3.1818525e-01
   3.8662024e-01   3.3956124e-01   3.1603224e-01
   3.8446722e-01   3.3740822e-01   3.1387922e-01
   3.8231420e-01   3.3525520e-01   3.1172620e-01
   3.8016118e-01   3.3310218e-01   3.0957318e-01
   3.7800816e-01   3.3094916e-01   3.0742016e-01
   3.7585514e-01   3.2879614e-01   3.0526714e-01
   3.7370212e-01   3.2664312e-01   3.0311412e-01
   3.7154910e-01   3.2449010e-01   3.0096110e-01
   3.6939608e-01   3.2233708e-01   2.9880808e-01
   3.6724306e-01   3.2018406e-01   2.9665506e-01
   3.6509004e-01   3.1803104e-01   2.9450204e-01
   3.6293702e-01   3.1587802e-01   2.9234902e-01
   3.6078400e-01   3.1372500e-01   2.9019600e-01
   3.5832345e-01   3.1126445e-01   2.8835059e-01
   3.5586290e-01   3.0880390e-01   2.8650518e-01
   3.5340235e-01   3.0634335e-01   2.8465976e-01
   3.5094180e-01   3.0388280e-01   2.8281435e-01
   3.4848125e-01   3.0142225e-01   2.8096894e-01
   3.4602071e-01   2.9896171e-01   2.7912353e-01
   3.4356016e-01   2.9650116e-01   2.7727812e-01
   3.4109961e-01   2.9404061e-01   2.7543271e-01
   3.3863906e-01   2.9158006e-01   2.7358729e-01
   3.3617851e-01   2.8911951e-01   2.7174188e-01
   3.3371796e-01   2.8665896e-01   2.6989647e-01
   3.3125741e-01   2.8419841e-01   2.6805106e-01
   3.2887375e-01   2.8173784e-01   2.6612875e-01
   3.2672073e-01   2.7927722e-01   2.6397573e-01
   3.2456771e-01   2.7681659e-01   2.6182271e-01
   3.2241469e-01   2.7435596e-01   2.5966969e-01
   3.2026167e-01   2.7189533e-01   2.5751667e-01
   3.1810865e-01   2.6943471e-01   2.5536365e-01
   3.1595563e-01   2.6697408e-01   2.5321063e-01
   3.1380261e-01   2.6451345e-01   2.5105761e-01
   3.1164959e-01   2.6205282e-01   2.4890459e-01
   3.0949657e-01   2.5959220e-01   2.4675157e-01
   3.0734355e-01   2.5713157e-01   2.4459855e-01
   3.0519053e-01   2.5467094e-01   2.4244553e-01
   3.0303751e-01   2.5221031e-01   2.4029251e-01
   2.9996175e-01   2.4913459e-01   2.3767812e-01
   2.9596324e-01   2.4544376e-01   2.3460235e-01
   2.9196473e-01   2.4175294e-01   2.3152659e-01
   2.8796622e-01   2.3806212e-01   2.2845082e-01
   2.8396771e-01   2.3437129e-01   2.2537506e-01
   2.7996920e-01   2.3068047e-01   2.2229929e-01
   2.7597069e-01   2.2698965e-01   2.1922353e-01
   2.7197218e-01   2.2329882e-01   2.1614776e-01
   2.6797367e-01   2.1960800e-01   2.1307200e-01
   2.6397516e-01   2.1591718e-01   2.0999624e-01
   2.5997665e-01   2.1222635e-01   2.0692047e-01
   2.5597814e-01   2.0853553e-01   2.0384471e-01
   2.5197963e-01   2.0484471e-01   2.0076894e-01
   2.4913459e-01   2.0253788e-01   1.9861594e-01
   2.4667404e-01   2.0069239e-01   1.9677053e-01
   2.4421349e-01   1.9884690e-01   1.9492512e-01
   2.4175294e-01   1.9700141e-01   1.9307971e-01
   2.3929239e-01   1.9515592e-01   1.9123429e-01
   2.3683184e-01   1.9331043e-01   1.8938888e-01
   2.3437129e-01   1.9146494e-01   1.8754347e-01
   2.3191075e-01   1.8961945e-01   1.8569806e-01
   2.2945020e-01   1.8777396e-01   1.8385265e-01
   2.2698965e-01   1.8592847e-01   1.8200724e-01
   2.2452910e-01   1.8408298e-01   1.8016182e-01
   2.2206855e-01   1.8223749e-01   1.7831641e-01
   2.1960800e-01   1.8039200e-01   1.7647100e-01
