   7.9215700e-01   8.7843100e-01   8.6666700e-01
   7.8846610e-01   8.7735449e-01   8.6882002e-01
   7.8477520e-01   8.7627798e-01   8.7097304e-01
   7.8108429e-01   8.7520147e-01   8.7312606e-01
   7.7739339e-01   8.7412496e-01   8.7527908e-01
   7.7370249e-01   8.7304845e-01   8.7743210e-01
   7.7001159e-01   8.7197194e-01   8.7958512e-01
   7.6632069e-01   8.7089543e-01   8.8173814e-01
   7.6262978e-01   8.6981892e-01   8.8389116e-01
   7.5893888e-01   8.6874241e-01   8.8604418e-01
   7.5524798e-01   8.6766590e-01   8.8819720e-01
   7.5155708e-01   8.6658939e-01   8.9035022e-01
   7.4786618e-01   8.6551288e-01   8.9250324e-01
   7.4417527e-01   8.6443637e-01   8.9465625e-01
   7.4048437e-01   8.6335986e-01   8.9680927e-01
   7.3679347e-01   8.6228335e-01   8.9896229e-01
   7.3310257e-01   8.6120684e-01   9.0111531e-01
   7.2941167e-01   8.6013033e-01   9.0326833e-01
   7.2572076e-01   8.5905382e-01   9.0542135e-01
   7.2202986e-01   8.5797731e-01   9.0757437e-01
   7.1833896e-01   8.5690080e-01   9.0972739e-01
   7.1464806e-01   8.5582429e-01   9.1188041e-01
   7.1095716e-01   8.5474778e-01   9.1403343e-01
   7.0726625e-01   8.5367127e-01   9.1618645e-01
   7.0357535e-01   8.5259476e-01   9.1833947e-01
   6.9988445e-01   8.5151825e-01   9.2049249e-01
   6.9650114e-01   8.5021108e-01   9.2195345e-01
   6.9342541e-01   8.4867324e-01   9.2272235e-01
   6.9034969e-01   8.4713539e-01   9.2349125e-01
   6.8727396e-01   8.4559755e-01   9.2426016e-01
   6.8419824e-01   8.4405971e-01   9.2502906e-01
   6.8112251e-01   8.4252186e-01   9.2579796e-01
   6.7804678e-01   8.4098402e-01   9.2656686e-01
   6.7497106e-01   8.3944618e-01   9.2733576e-01
   6.7189533e-01   8.3790833e-01   9.2810467e-01
   6.6881961e-01   8.3637049e-01   9.2887357e-01
   6.6574388e-01   8.3483265e-01   9.2964247e-01
   6.6266816e-01   8.3329480e-01   9.3041137e-01
   6.5959243e-01   8.3175696e-01   9.3118027e-01
   6.5651671e-01   8.3021912e-01   9.3194918e-01
   6.5344098e-01   8.2868127e-01   9.3271808e-01
   6.5036525e-01   8.2714343e-01   9.3348698e-01
   6.4728953e-01   8.2560559e-01   9.3425588e-01
   6.4421380e-01   8.2406775e-01   9.3502478e-01
   6.4113808e-01   8.2252990e-01   9.3579369e-01
   6.3806235e-01   8.2099206e-01   9.3656259e-01
   6.3498663e-01   8.1945422e-01   9.3733149e-01
   6.3191090e-01   8.1791637e-01   9.3810039e-01
   6.2883518e-01   8.1637853e-01   9.3886929e-01
   6.2575945e-01   8.1484069e-01   9.3963820e-01
   6.2268373e-01   8.1330284e-01   9.4040710e-01
   6.1960800e-01   8.1176500e-01   9.4117600e-01
   6.1637847e-01   8.1007331e-01   9.4194494e-01
   6.1314894e-01   8.0838163e-01   9.4271388e-01
   6.0991941e-01   8.0668994e-01   9.4348282e-01
   6.0668988e-01   8.0499825e-01   9.4425176e-01
   6.0346035e-01   8.0330657e-01   9.4502071e-01
   6.0023082e-01   8.0161488e-01   9.4578965e-01
   5.9700129e-01   7.9992320e-01   9.4655859e-01
   5.9377176e-01   7.9823151e-01   9.4732753e-01
   5.9054224e-01   7.9653982e-01   9.4809647e-01
   5.8731271e-01   7.9484814e-01   9.4886541e-01
   5.8408318e-01   7.9315645e-01   9.4963435e-01
   5.8085365e-01   7.9146476e-01   9.5040329e-01
   5.7762412e-01   7.8977308e-01   9.5117224e-01
   5.7439459e-01   7.8808139e-01   9.5194118e-01
   5.7116506e-01   7.8638971e-01   9.5271012e-01
   5.6793553e-01   7.8469802e-01   9.5347906e-01
   5.6470600e-01   7.8300633e-01   9.5424800e-01
   5.6147647e-01   7.8131465e-01   9.5501694e-01
   5.5824694e-01   7.7962296e-01   9.5578588e-01
   5.5501741e-01   7.7793127e-01   9.5655482e-01
   5.5178788e-01   7.7623959e-01   9.5732376e-01
   5.4855835e-01   7.7454790e-01   9.5809271e-01
   5.4532882e-01   7.7285622e-01   9.5886165e-01
   5.4209929e-01   7.7116453e-01   9.5963059e-01
   5.3886976e-01   7.6947284e-01   9.6039953e-01
   5.3602471e-01   7.6739671e-01   9.6055333e-01
   5.3356412e-01   7.6493612e-01   9.6009200e-01
   5.3110353e-01   7.6247553e-01   9.5963067e-01
   5.2864294e-01   7.6001494e-01   9.5916933e-01
   5.2618235e-01   7.5755435e-01   9.5870800e-01
   5.2372176e-01   7.5509376e-01   9.5824667e-01
   5.2126118e-01   7.5263318e-01   9.5778533e-01
   5.1880059e-01   7.5017259e-01   9.5732400e-01
   5.1634000e-01   7.4771200e-01   9.5686267e-01
   5.1387941e-01   7.4525141e-01   9.5640133e-01
   5.1141882e-01   7.4279082e-01   9.5594000e-01
   5.0895824e-01   7.4033024e-01   9.5547867e-01
   5.0649765e-01   7.3786965e-01   9.5501733e-01
   5.0403706e-01   7.3540906e-01   9.5455600e-01
   5.0157647e-01   7.3294847e-01   9.5409467e-01
   4.9911588e-01   7.3048788e-01   9.5363333e-01
   4.9665529e-01   7.2802729e-01   9.5317200e-01
   4.9419471e-01   7.2556671e-01   9.5271067e-01
   4.9173412e-01   7.2310612e-01   9.5224933e-01
   4.8927353e-01   7.2064553e-01   9.5178800e-01
   4.8681294e-01   7.1818494e-01   9.5132667e-01
   4.8435235e-01   7.1572435e-01   9.5086533e-01
   4.8189176e-01   7.1326376e-01   9.5040400e-01
   4.7943118e-01   7.1080318e-01   9.4994267e-01
   4.7697059e-01   7.0834259e-01   9.4948133e-01
   4.7451000e-01   7.0588200e-01   9.4902000e-01
   4.7281835e-01   7.0372898e-01   9.4871239e-01
   4.7112671e-01   7.0157596e-01   9.4840478e-01
   4.6943506e-01   6.9942294e-01   9.4809718e-01
   4.6774341e-01   6.9726992e-01   9.4778957e-01
   4.6605176e-01   6.9511690e-01   9.4748196e-01
   4.6436012e-01   6.9296388e-01   9.4717435e-01
   4.6266847e-01   6.9081086e-01   9.4686675e-01
   4.6097682e-01   6.8865784e-01   9.4655914e-01
   4.5928518e-01   6.8650482e-01   9.4625153e-01
   4.5759353e-01   6.8435180e-01   9.4594392e-01
   4.5590188e-01   6.8219878e-01   9.4563631e-01
   4.5421024e-01   6.8004576e-01   9.4532871e-01
   4.5251859e-01   6.7789275e-01   9.4502110e-01
   4.5082694e-01   6.7573973e-01   9.4471349e-01
   4.4913529e-01   6.7358671e-01   9.4440588e-01
   4.4744365e-01   6.7143369e-01   9.4409827e-01
   4.4575200e-01   6.6928067e-01   9.4379067e-01
   4.4406035e-01   6.6712765e-01   9.4348306e-01
   4.4236871e-01   6.6497463e-01   9.4317545e-01
   4.4067706e-01   6.6282161e-01   9.4286784e-01
   4.3898541e-01   6.6066859e-01   9.4256024e-01
   4.3729376e-01   6.5851557e-01   9.4225263e-01
   4.3560212e-01   6.5636255e-01   9.4194502e-01
   4.3391047e-01   6.5420953e-01   9.4163741e-01
   4.3221882e-01   6.5205651e-01   9.4132980e-01
   4.3060406e-01   6.4974971e-01   9.4094533e-01
   4.2906618e-01   6.4728912e-01   9.4048400e-01
   4.2752829e-01   6.4482853e-01   9.4002267e-01
   4.2599041e-01   6.4236794e-01   9.3956133e-01
   4.2445253e-01   6.3990735e-01   9.3910000e-01
   4.2291465e-01   6.3744676e-01   9.3863867e-01
   4.2137676e-01   6.3498618e-01   9.3817733e-01
   4.1983888e-01   6.3252559e-01   9.3771600e-01
   4.1830100e-01   6.3006500e-01   9.3725467e-01
   4.1676312e-01   6.2760441e-01   9.3679333e-01
   4.1522524e-01   6.2514382e-01   9.3633200e-01
   4.1368735e-01   6.2268324e-01   9.3587067e-01
   4.1214947e-01   6.2022265e-01   9.3540933e-01
   4.1061159e-01   6.1776206e-01   9.3494800e-01
   4.0907371e-01   6.1530147e-01   9.3448667e-01
   4.0753582e-01   6.1284088e-01   9.3402533e-01
   4.0599794e-01   6.1038029e-01   9.3356400e-01
   4.0446006e-01   6.0791971e-01   9.3310267e-01
   4.0292218e-01   6.0545912e-01   9.3264133e-01
   4.0138429e-01   6.0299853e-01   9.3218000e-01
   3.9984641e-01   6.0053794e-01   9.3171867e-01
   3.9830853e-01   5.9807735e-01   9.3125733e-01
   3.9677065e-01   5.9561676e-01   9.3079600e-01
   3.9523276e-01   5.9315618e-01   9.3033467e-01
   3.9369488e-01   5.9069559e-01   9.2987333e-01
   3.9215700e-01   5.8823500e-01   9.2941200e-01
   3.9123425e-01   5.8638955e-01   9.2910443e-01
   3.9031151e-01   5.8454410e-01   9.2879686e-01
   3.8938876e-01   5.8269865e-01   9.2848929e-01
   3.8846602e-01   5.8085320e-01   9.2818173e-01
   3.8754327e-01   5.7900775e-01   9.2787416e-01
   3.8662053e-01   5.7716229e-01   9.2756659e-01
   3.8569778e-01   5.7531684e-01   9.2725902e-01
   3.8477504e-01   5.7347139e-01   9.2695145e-01
   3.8385229e-01   5.7162594e-01   9.2664388e-01
   3.8292955e-01   5.6978049e-01   9.2633631e-01
   3.8200680e-01   5.6793504e-01   9.2602875e-01
   3.8108406e-01   5.6608959e-01   9.2572118e-01
   3.8016131e-01   5.6424414e-01   9.2541361e-01
   3.7923857e-01   5.6239869e-01   9.2510604e-01
   3.7831582e-01   5.6055324e-01   9.2479847e-01
   3.7739308e-01   5.5870778e-01   9.2449090e-01
   3.7647033e-01   5.5686233e-01   9.2418333e-01
   3.7554759e-01   5.5501688e-01   9.2387576e-01
   3.7462484e-01   5.5317143e-01   9.2356820e-01
   3.7370210e-01   5.5132598e-01   9.2326063e-01
   3.7277935e-01   5.4948053e-01   9.2295306e-01
   3.7185661e-01   5.4763508e-01   9.2264549e-01
   3.7093386e-01   5.4578963e-01   9.2233792e-01
   3.7001112e-01   5.4394418e-01   9.2203035e-01
   3.6908837e-01   5.4209873e-01   9.2172278e-01
   3.6816565e-01   5.4009951e-01   9.2133831e-01
   3.6724294e-01   5.3794653e-01   9.2087694e-01
   3.6632024e-01   5.3579355e-01   9.2041557e-01
   3.6539753e-01   5.3364057e-01   9.1995420e-01
   3.6447482e-01   5.3148759e-01   9.1949282e-01
   3.6355212e-01   5.2933461e-01   9.1903145e-01
   3.6262941e-01   5.2718163e-01   9.1857008e-01
   3.6170671e-01   5.2502865e-01   9.1810871e-01
   3.6078400e-01   5.2287567e-01   9.1764733e-01
   3.5986129e-01   5.2072269e-01   9.1718596e-01
   3.5893859e-01   5.1856971e-01   9.1672459e-01
   3.5801588e-01   5.1641673e-01   9.1626322e-01
   3.5709318e-01   5.1426375e-01   9.1580184e-01
   3.5617047e-01   5.1211076e-01   9.1534047e-01
   3.5524776e-01   5.0995778e-01   9.1487910e-01
   3.5432506e-01   5.0780480e-01   9.1441773e-01
   3.5340235e-01   5.0565182e-01   9.1395635e-01
   3.5247965e-01   5.0349884e-01   9.1349498e-01
   3.5155694e-01   5.0134586e-01   9.1303361e-01
   3.5063424e-01   4.9919288e-01   9.1257224e-01
   3.4971153e-01   4.9703990e-01   9.1211086e-01
   3.4878882e-01   4.9488692e-01   9.1164949e-01
   3.4786612e-01   4.9273394e-01   9.1118812e-01
   3.4694341e-01   4.9058096e-01   9.1072675e-01
   3.4602071e-01   4.8842798e-01   9.1026537e-01
   3.4509800e-01   4.8627500e-01   9.0980400e-01
   3.4417529e-01   4.8504469e-01   9.0903506e-01
   3.4325259e-01   4.8381437e-01   9.0826612e-01
   3.4232988e-01   4.8258406e-01   9.0749718e-01
   3.4140718e-01   4.8135375e-01   9.0672824e-01
   3.4048447e-01   4.8012343e-01   9.0595929e-01
   3.3956176e-01   4.7889312e-01   9.0519035e-01
   3.3863906e-01   4.7766280e-01   9.0442141e-01
   3.3771635e-01   4.7643249e-01   9.0365247e-01
   3.3679365e-01   4.7520218e-01   9.0288353e-01
   3.3587094e-01   4.7397186e-01   9.0211459e-01
   3.3494824e-01   4.7274155e-01   9.0134565e-01
   3.3402553e-01   4.7151124e-01   9.0057671e-01
   3.3310282e-01   4.7028092e-01   8.9980776e-01
   3.3218012e-01   4.6905061e-01   8.9903882e-01
   3.3125741e-01   4.6782029e-01   8.9826988e-01
   3.3033471e-01   4.6658998e-01   8.9750094e-01
   3.2941200e-01   4.6535967e-01   8.9673200e-01
   3.2848929e-01   4.6412935e-01   8.9596306e-01
   3.2756659e-01   4.6289904e-01   8.9519412e-01
   3.2664388e-01   4.6166873e-01   8.9442518e-01
   3.2572118e-01   4.6043841e-01   8.9365624e-01
   3.2479847e-01   4.5920810e-01   8.9288729e-01
   3.2387576e-01   4.5797778e-01   8.9211835e-01
   3.2295306e-01   4.5674747e-01   8.9134941e-01
   3.2203035e-01   4.5551716e-01   8.9058047e-01
   3.2080006e-01   4.5336414e-01   8.8942706e-01
   3.1926218e-01   4.5028841e-01   8.8788918e-01
   3.1772429e-01   4.4721269e-01   8.8635129e-01
   3.1618641e-01   4.4413696e-01   8.8481341e-01
   3.1464853e-01   4.4106124e-01   8.8327553e-01
   3.1311065e-01   4.3798551e-01   8.8173765e-01
   3.1157276e-01   4.3490978e-01   8.8019976e-01
   3.1003488e-01   4.3183406e-01   8.7866188e-01
   3.0849700e-01   4.2875833e-01   8.7712400e-01
   3.0695912e-01   4.2568261e-01   8.7558612e-01
   3.0542124e-01   4.2260688e-01   8.7404824e-01
   3.0388335e-01   4.1953116e-01   8.7251035e-01
   3.0234547e-01   4.1645543e-01   8.7097247e-01
   3.0080759e-01   4.1337971e-01   8.6943459e-01
   2.9926971e-01   4.1030398e-01   8.6789671e-01
   2.9773182e-01   4.0722825e-01   8.6635882e-01
   2.9619394e-01   4.0415253e-01   8.6482094e-01
   2.9465606e-01   4.0107680e-01   8.6328306e-01
   2.9311818e-01   3.9800108e-01   8.6174518e-01
   2.9158029e-01   3.9492535e-01   8.6020729e-01
   2.9004241e-01   3.9184963e-01   8.5866941e-01
   2.8850453e-01   3.8877390e-01   8.5713153e-01
   2.8696665e-01   3.8569818e-01   8.5559365e-01
   2.8542876e-01   3.8262245e-01   8.5405576e-01
   2.8389088e-01   3.7954673e-01   8.5251788e-01
   2.8235300e-01   3.7647100e-01   8.5098000e-01
