   9.4902000e-01   1.0000000e+00   9.8039200e-01
   9.4717455e-01   1.0000000e+00   9.7916173e-01
   9.4532910e-01   1.0000000e+00   9.7793145e-01
   9.4348365e-01   1.0000000e+00   9.7670118e-01
   9.4163820e-01   1.0000000e+00   9.7547090e-01
   9.3979275e-01   1.0000000e+00   9.7424063e-01
   9.3794729e-01   1.0000000e+00   9.7301035e-01
   9.3610184e-01   1.0000000e+00   9.7178008e-01
   9.3425639e-01   1.0000000e+00   9.7054980e-01
   9.3241094e-01   1.0000000e+00   9.6931953e-01
   9.3056549e-01   1.0000000e+00   9.6808925e-01
   9.2872004e-01   1.0000000e+00   9.6685898e-01
   9.2687459e-01   1.0000000e+00   9.6562871e-01
   9.2502914e-01   1.0000000e+00   9.6439843e-01
   9.2318369e-01   1.0000000e+00   9.6316816e-01
   9.2133824e-01   1.0000000e+00   9.6193788e-01
   9.1949278e-01   1.0000000e+00   9.6070761e-01
   9.1764733e-01   1.0000000e+00   9.5947733e-01
   9.1580188e-01   1.0000000e+00   9.5824706e-01
   9.1395643e-01   1.0000000e+00   9.5701678e-01
   9.1211098e-01   1.0000000e+00   9.5578651e-01
   9.1026553e-01   1.0000000e+00   9.5455624e-01
   9.0842008e-01   1.0000000e+00   9.5332596e-01
   9.0657463e-01   1.0000000e+00   9.5209569e-01
   9.0472918e-01   1.0000000e+00   9.5086541e-01
   9.0288373e-01   1.0000000e+00   9.4963514e-01
   8.9919284e-01   9.9923106e-01   9.4778969e-01
   8.9365653e-01   9.9769318e-01   9.4532906e-01
   8.8812022e-01   9.9615529e-01   9.4286843e-01
   8.8258390e-01   9.9461741e-01   9.4040780e-01
   8.7704759e-01   9.9307953e-01   9.3794718e-01
   8.7151127e-01   9.9154165e-01   9.3548655e-01
   8.6597496e-01   9.9000376e-01   9.3302592e-01
   8.6043865e-01   9.8846588e-01   9.3056529e-01
   8.5490233e-01   9.8692800e-01   9.2810467e-01
   8.4936602e-01   9.8539012e-01   9.2564404e-01
   8.4382971e-01   9.8385224e-01   9.2318341e-01
   8.3829339e-01   9.8231435e-01   9.2072278e-01
   8.3275708e-01   9.8077647e-01   9.1826216e-01
   8.2768206e-01   9.7923859e-01   9.1626294e-01
   8.2276080e-01   9.7770071e-01   9.1441753e-01
   8.1783955e-01   9.7616282e-01   9.1257212e-01
   8.1291829e-01   9.7462494e-01   9.1072671e-01
   8.0799704e-01   9.7308706e-01   9.0888129e-01
   8.0307578e-01   9.7154918e-01   9.0703588e-01
   7.9815453e-01   9.7001129e-01   9.0519047e-01
   7.9323327e-01   9.6847341e-01   9.0334506e-01
   7.8831202e-01   9.6693553e-01   9.0149965e-01
   7.8339076e-01   9.6539765e-01   8.9965424e-01
   7.7846951e-01   9.6385976e-01   8.9780882e-01
   7.7354825e-01   9.6232188e-01   8.9596341e-01
   7.6862700e-01   9.6078400e-01   8.9411800e-01
   7.6309069e-01   9.5832345e-01   8.9165737e-01
   7.5755437e-01   9.5586290e-01   8.8919675e-01
   7.5201806e-01   9.5340235e-01   8.8673612e-01
   7.4648175e-01   9.5094180e-01   8.8427549e-01
   7.4094543e-01   9.4848125e-01   8.8181486e-01
   7.3540912e-01   9.4602071e-01   8.7935424e-01
   7.2987280e-01   9.4356016e-01   8.7689361e-01
   7.2433649e-01   9.4109961e-01   8.7443298e-01
   7.1880018e-01   9.3863906e-01   8.7197235e-01
   7.1326386e-01   9.3617851e-01   8.6951173e-01
   7.0772755e-01   9.3371796e-01   8.6705110e-01
   7.0219124e-01   9.3125741e-01   8.6459047e-01
   6.9688561e-01   9.2887375e-01   8.6236053e-01
   6.9227204e-01   9.2672073e-01   8.6082265e-01
   6.8765847e-01   9.2456771e-01   8.5928476e-01
   6.8304490e-01   9.2241469e-01   8.5774688e-01
   6.7843133e-01   9.2026167e-01   8.5620900e-01
   6.7381776e-01   9.1810865e-01   8.5467112e-01
   6.6920420e-01   9.1595563e-01   8.5313324e-01
   6.6459063e-01   9.1380261e-01   8.5159535e-01
   6.5997706e-01   9.1164959e-01   8.5005747e-01
   6.5536349e-01   9.0949657e-01   8.4851959e-01
   6.5074992e-01   9.0734355e-01   8.4698171e-01
   6.4613635e-01   9.0519053e-01   8.4544382e-01
   6.4152278e-01   9.0303751e-01   8.4390594e-01
   6.3721675e-01   9.0073069e-01   8.4252186e-01
   6.3321824e-01   8.9827006e-01   8.4129159e-01
   6.2921973e-01   8.9580943e-01   8.4006131e-01
   6.2522122e-01   8.9334880e-01   8.3883104e-01
   6.2122271e-01   8.9088818e-01   8.3760076e-01
   6.1722420e-01   8.8842755e-01   8.3637049e-01
   6.1322569e-01   8.8596692e-01   8.3514022e-01
   6.0922718e-01   8.8350629e-01   8.3390994e-01
   6.0522867e-01   8.8104567e-01   8.3267967e-01
   6.0123016e-01   8.7858504e-01   8.3144939e-01
   5.9723165e-01   8.7612441e-01   8.3021912e-01
   5.9323314e-01   8.7366378e-01   8.2898884e-01
   5.8923463e-01   8.7120316e-01   8.2775857e-01
   5.8546682e-01   8.6828124e-01   8.2606694e-01
   5.8177592e-01   8.6520555e-01   8.2422153e-01
   5.7808502e-01   8.6212986e-01   8.2237612e-01
   5.7439412e-01   8.5905418e-01   8.2053071e-01
   5.7070322e-01   8.5597849e-01   8.1868529e-01
   5.6701231e-01   8.5290280e-01   8.1683988e-01
   5.6332141e-01   8.4982712e-01   8.1499447e-01
   5.5963051e-01   8.4675143e-01   8.1314906e-01
   5.5593961e-01   8.4367575e-01   8.1130365e-01
   5.5224871e-01   8.4060006e-01   8.0945824e-01
   5.4855780e-01   8.3752437e-01   8.0761282e-01
   5.4486690e-01   8.3444869e-01   8.0576741e-01
   5.4117600e-01   8.3137300e-01   8.0392200e-01
   5.3810031e-01   8.2891237e-01   8.0330678e-01
   5.3502463e-01   8.2645175e-01   8.0269157e-01
   5.3194894e-01   8.2399112e-01   8.0207635e-01
   5.2887325e-01   8.2153049e-01   8.0146114e-01
   5.2579757e-01   8.1906986e-01   8.0084592e-01
   5.2272188e-01   8.1660924e-01   8.0023071e-01
   5.1964620e-01   8.1414861e-01   7.9961549e-01
   5.1657051e-01   8.1168798e-01   7.9900027e-01
   5.1349482e-01   8.0922735e-01   7.9838506e-01
   5.1041914e-01   8.0676673e-01   7.9776984e-01
   5.0734345e-01   8.0430610e-01   7.9715463e-01
   5.0426776e-01   8.0184547e-01   7.9653941e-01
   5.0103827e-01   7.9892349e-01   7.9538596e-01
   4.9734737e-01   7.9461745e-01   7.9261780e-01
   4.9365647e-01   7.9031141e-01   7.8984965e-01
   4.8996557e-01   7.8600537e-01   7.8708149e-01
   4.8627467e-01   7.8169933e-01   7.8431333e-01
   4.8258376e-01   7.7739329e-01   7.8154518e-01
   4.7889286e-01   7.7308725e-01   7.7877702e-01
   4.7520196e-01   7.6878122e-01   7.7600886e-01
   4.7151106e-01   7.6447518e-01   7.7324071e-01
   4.6782016e-01   7.6016914e-01   7.7047255e-01
   4.6412925e-01   7.5586310e-01   7.6770439e-01
   4.6043835e-01   7.5155706e-01   7.6493624e-01
   4.5674745e-01   7.4725102e-01   7.6216808e-01
   4.5351792e-01   7.4309878e-01   7.5955373e-01
   4.5074976e-01   7.3910035e-01   7.5709318e-01
   4.4798161e-01   7.3510192e-01   7.5463263e-01
   4.4521345e-01   7.3110349e-01   7.5217208e-01
   4.4244529e-01   7.2710506e-01   7.4971153e-01
   4.3967714e-01   7.2310663e-01   7.4725098e-01
   4.3690898e-01   7.1910820e-01   7.4479043e-01
   4.3414082e-01   7.1510976e-01   7.4232988e-01
   4.3137267e-01   7.1111133e-01   7.3986933e-01
   4.2860451e-01   7.0711290e-01   7.3740878e-01
   4.2583635e-01   7.0311447e-01   7.3494824e-01
   4.2306820e-01   6.9911604e-01   7.3248769e-01
   4.2030004e-01   6.9511761e-01   7.3002714e-01
   4.1730118e-01   6.9042712e-01   7.2710518e-01
   4.1422541e-01   6.8550594e-01   7.2402941e-01
   4.1114965e-01   6.8058476e-01   7.2095365e-01
   4.0807388e-01   6.7566359e-01   7.1787788e-01
   4.0499812e-01   6.7074241e-01   7.1480212e-01
   4.0192235e-01   6.6582124e-01   7.1172635e-01
   3.9884659e-01   6.6090006e-01   7.0865059e-01
   3.9577082e-01   6.5597888e-01   7.0557482e-01
   3.9269506e-01   6.5105771e-01   7.0249906e-01
   3.8961929e-01   6.4613653e-01   6.9942329e-01
   3.8654353e-01   6.4121535e-01   6.9634753e-01
   3.8346776e-01   6.3629418e-01   6.9327176e-01
   3.8039200e-01   6.3137300e-01   6.9019600e-01
   3.7762384e-01   6.2737449e-01   6.8773545e-01
   3.7485569e-01   6.2337598e-01   6.8527490e-01
   3.7208753e-01   6.1937747e-01   6.8281435e-01
   3.6931937e-01   6.1537896e-01   6.8035380e-01
   3.6655122e-01   6.1138045e-01   6.7789325e-01
   3.6378306e-01   6.0738194e-01   6.7543271e-01
   3.6101490e-01   6.0338343e-01   6.7297216e-01
   3.5824675e-01   5.9938492e-01   6.7051161e-01
   3.5547859e-01   5.9538641e-01   6.6805106e-01
   3.5271043e-01   5.9138790e-01   6.6559051e-01
   3.4994227e-01   5.8738939e-01   6.6312996e-01
   3.4717412e-01   5.8339088e-01   6.6066941e-01
   3.4455975e-01   5.7931549e-01   6.5805506e-01
   3.4240673e-01   5.7500945e-01   6.5497929e-01
   3.4025371e-01   5.7070341e-01   6.5190353e-01
   3.3810069e-01   5.6639737e-01   6.4882776e-01
   3.3594767e-01   5.6209133e-01   6.4575200e-01
   3.3379465e-01   5.5778529e-01   6.4267624e-01
   3.3164163e-01   5.5347925e-01   6.3960047e-01
   3.2948861e-01   5.4917322e-01   6.3652471e-01
   3.2733559e-01   5.4486718e-01   6.3344894e-01
   3.2518257e-01   5.4056114e-01   6.3037318e-01
   3.2302955e-01   5.3625510e-01   6.2729741e-01
   3.2087653e-01   5.3194906e-01   6.2422165e-01
   3.1872351e-01   5.2764302e-01   6.2114588e-01
   3.1718563e-01   5.2333698e-01   6.1807012e-01
   3.1626288e-01   5.1903094e-01   6.1499435e-01
   3.1534014e-01   5.1472490e-01   6.1191859e-01
   3.1441739e-01   5.1041886e-01   6.0884282e-01
   3.1349465e-01   5.0611282e-01   6.0576706e-01
   3.1257190e-01   5.0180678e-01   6.0269129e-01
   3.1164916e-01   4.9750075e-01   5.9961553e-01
   3.1072641e-01   4.9319471e-01   5.9653976e-01
   3.0980367e-01   4.8888867e-01   5.9346400e-01
   3.0888092e-01   4.8458263e-01   5.9038824e-01
   3.0795818e-01   4.8027659e-01   5.8731247e-01
   3.0703543e-01   4.7597055e-01   5.8423671e-01
   3.0611269e-01   4.7166451e-01   5.8116094e-01
   3.0495929e-01   4.6735847e-01   5.7739318e-01
   3.0372902e-01   4.6305243e-01   5.7339475e-01
   3.0249875e-01   4.5874639e-01   5.6939631e-01
   3.0126847e-01   4.5444035e-01   5.6539788e-01
   3.0003820e-01   4.5013431e-01   5.6139945e-01
   2.9880792e-01   4.4582827e-01   5.5740102e-01
   2.9757765e-01   4.4152224e-01   5.5340259e-01
   2.9634737e-01   4.3721620e-01   5.4940416e-01
   2.9511710e-01   4.3291016e-01   5.4540573e-01
   2.9388682e-01   4.2860412e-01   5.4140729e-01
   2.9265655e-01   4.2429808e-01   5.3740886e-01
   2.9142627e-01   4.1999204e-01   5.3341043e-01
   2.9019600e-01   4.1568600e-01   5.2941200e-01
   2.8927325e-01   4.1076482e-01   5.2479835e-01
   2.8835051e-01   4.0584365e-01   5.2018471e-01
   2.8742776e-01   4.0092247e-01   5.1557106e-01
   2.8650502e-01   3.9600129e-01   5.1095741e-01
   2.8558227e-01   3.9108012e-01   5.0634376e-01
   2.8465953e-01   3.8615894e-01   5.0173012e-01
   2.8373678e-01   3.8123776e-01   4.9711647e-01
   2.8281404e-01   3.7631659e-01   4.9250282e-01
   2.8189129e-01   3.7139541e-01   4.8788918e-01
   2.8096855e-01   3.6647424e-01   4.8327553e-01
   2.8004580e-01   3.6155306e-01   4.7866188e-01
   2.7912306e-01   3.5663188e-01   4.7404824e-01
   2.7804655e-01   3.5186449e-01   4.6920392e-01
   2.7650875e-01   3.4755845e-01   4.6366761e-01
   2.7497094e-01   3.4325241e-01   4.5813129e-01
   2.7343314e-01   3.3894637e-01   4.5259498e-01
   2.7189533e-01   3.3464033e-01   4.4705867e-01
   2.7035753e-01   3.3033429e-01   4.4152235e-01
   2.6881973e-01   3.2602825e-01   4.3598604e-01
   2.6728192e-01   3.2172222e-01   4.3044973e-01
   2.6574412e-01   3.1741618e-01   4.2491341e-01
   2.6420631e-01   3.1311014e-01   4.1937710e-01
   2.6266851e-01   3.0880410e-01   4.1384078e-01
   2.6113071e-01   3.0449806e-01   4.0830447e-01
   2.5959290e-01   3.0019202e-01   4.0276816e-01
   2.5790125e-01   2.9603978e-01   3.9723184e-01
   2.5605576e-01   2.9204135e-01   3.9169553e-01
   2.5421027e-01   2.8804292e-01   3.8615922e-01
   2.5236478e-01   2.8404449e-01   3.8062290e-01
   2.5051929e-01   2.8004606e-01   3.7508659e-01
   2.4867380e-01   2.7604763e-01   3.6955027e-01
   2.4682831e-01   2.7204920e-01   3.6401396e-01
   2.4498282e-01   2.6805076e-01   3.5847765e-01
   2.4313733e-01   2.6405233e-01   3.5294133e-01
   2.4129184e-01   2.6005390e-01   3.4740502e-01
   2.3944635e-01   2.5605547e-01   3.4186871e-01
   2.3760086e-01   2.5205704e-01   3.3633239e-01
   2.3575537e-01   2.4805861e-01   3.3079608e-01
   2.3206447e-01   2.4290676e-01   3.2364500e-01
   2.2775843e-01   2.3737045e-01   3.1595567e-01
   2.2345239e-01   2.3183414e-01   3.0826633e-01
   2.1914635e-01   2.2629782e-01   3.0057700e-01
   2.1484031e-01   2.2076151e-01   2.9288767e-01
   2.1053427e-01   2.1522520e-01   2.8519833e-01
   2.0622824e-01   2.0968888e-01   2.7750900e-01
   2.0192220e-01   2.0415257e-01   2.6981967e-01
   1.9761616e-01   1.9861625e-01   2.6213033e-01
   1.9331012e-01   1.9307994e-01   2.5444100e-01
   1.8900408e-01   1.8754363e-01   2.4675167e-01
   1.8469804e-01   1.8200731e-01   2.3906233e-01
   1.8039200e-01   1.7647100e-01   2.3137300e-01
