   9.4117647e-01   9.4117647e-01   8.9411765e-01
   9.3625529e-01   9.3625529e-01   8.8735102e-01
   9.3133410e-01   9.3133410e-01   8.8058439e-01
   9.2641292e-01   9.2641292e-01   8.7381776e-01
   9.2149173e-01   9.2149173e-01   8.6705113e-01
   9.1657055e-01   9.1657055e-01   8.6028451e-01
   9.1164937e-01   9.1164937e-01   8.5351788e-01
   9.0672818e-01   9.0672818e-01   8.4675125e-01
   9.0180700e-01   9.0180700e-01   8.3998462e-01
   8.9688581e-01   8.9688581e-01   8.3321799e-01
   8.9196463e-01   8.9196463e-01   8.2645136e-01
   8.8704344e-01   8.8704344e-01   8.1968474e-01
   8.8212226e-01   8.8212226e-01   8.1291811e-01
   8.7727797e-01   8.7727797e-01   8.0645905e-01
   8.7266436e-01   8.7266436e-01   8.0092272e-01
   8.6805075e-01   8.6805075e-01   7.9538639e-01
   8.6343714e-01   8.6343714e-01   7.8985006e-01
   8.5882353e-01   8.5882353e-01   7.8431373e-01
   8.5420992e-01   8.5420992e-01   7.7877739e-01
   8.4959631e-01   8.4959631e-01   7.7324106e-01
   8.4498270e-01   8.4498270e-01   7.6770473e-01
   8.4036909e-01   8.4036909e-01   7.6216840e-01
   8.3575548e-01   8.3575548e-01   7.5663206e-01
   8.3114187e-01   8.3114187e-01   7.5109573e-01
   8.2652826e-01   8.2652826e-01   7.4555940e-01
   8.2191465e-01   8.2191465e-01   7.4002307e-01
   8.1837755e-01   8.1822376e-01   7.3587082e-01
   8.1591696e-01   8.1545559e-01   7.3310265e-01
   8.1345636e-01   8.1268743e-01   7.3033449e-01
   8.1099577e-01   8.0991926e-01   7.2756632e-01
   8.0853518e-01   8.0715110e-01   7.2479815e-01
   8.0607459e-01   8.0438293e-01   7.2202999e-01
   8.0361399e-01   8.0161476e-01   7.1926182e-01
   8.0115340e-01   7.9884660e-01   7.1649366e-01
   7.9869281e-01   7.9607843e-01   7.1372549e-01
   7.9623222e-01   7.9331027e-01   7.1095732e-01
   7.9377163e-01   7.9054210e-01   7.0818916e-01
   7.9131103e-01   7.8777393e-01   7.0542099e-01
   7.8885044e-01   7.8500577e-01   7.0265283e-01
   7.8592844e-01   7.8177619e-01   6.9942325e-01
   7.8285264e-01   7.7839281e-01   6.9603987e-01
   7.7977684e-01   7.7500943e-01   6.9265648e-01
   7.7670104e-01   7.7162604e-01   6.8927310e-01
   7.7362524e-01   7.6824266e-01   6.8588972e-01
   7.7054943e-01   7.6485928e-01   6.8250634e-01
   7.6747363e-01   7.6147590e-01   6.7912296e-01
   7.6439783e-01   7.5809252e-01   6.7573958e-01
   7.6132203e-01   7.5470913e-01   6.7235619e-01
   7.5824623e-01   7.5132575e-01   6.6897281e-01
   7.5517043e-01   7.4794237e-01   6.6558943e-01
   7.5209463e-01   7.4455899e-01   6.6220605e-01
   1.1372549e-01   1.4901961e-01   9.0196078e-02
   1.3833141e-01   1.8439062e-01   1.0249904e-01
   1.6293733e-01   2.1976163e-01   1.1480200e-01
   1.8339100e-01   2.5028835e-01   1.2156863e-01
   1.9876970e-01   2.7489427e-01   1.2156863e-01
   2.1414840e-01   2.9950019e-01   1.2156863e-01
   2.3091119e-01   3.2272203e-01   1.1741638e-01
   2.4782776e-01   3.4579008e-01   1.1280277e-01
   2.6582084e-01   3.6616686e-01   1.1034218e-01
   2.8581315e-01   3.8154556e-01   1.1188005e-01
   3.0580546e-01   3.9692426e-01   1.1341792e-01
   3.0488274e-01   4.1599385e-01   1.1372549e-01
   2.9873126e-01   4.3598616e-01   1.1372549e-01
   2.9219531e-01   4.5597847e-01   1.1372549e-01
   2.8450596e-01   4.7597078e-01   1.1372549e-01
   2.7681661e-01   4.9596309e-01   1.1372549e-01
   2.7343329e-01   5.1272587e-01   1.1372549e-01
   2.7189542e-01   5.2810458e-01   1.1372549e-01
   2.6943483e-01   5.4348328e-01   1.1349481e-01
   2.6174548e-01   5.5886198e-01   1.1195694e-01
   2.5405613e-01   5.7424068e-01   1.1041907e-01
   2.5467128e-01   5.8961938e-01   1.1626298e-01
   2.6082276e-01   6.0499808e-01   1.2702807e-01
   2.6705113e-01   6.2037678e-01   1.3794694e-01
   2.7474048e-01   6.3575548e-01   1.5178777e-01
   2.8242983e-01   6.5113418e-01   1.6562860e-01
   2.9088812e-01   6.6728181e-01   1.8023837e-01
   3.0011534e-01   6.8419839e-01   1.9561707e-01
   3.0934256e-01   7.0111496e-01   2.1099577e-01
   3.3902345e-01   7.1657055e-01   2.2637447e-01
   3.6978085e-01   7.3194925e-01   2.4175317e-01
   4.0053825e-01   7.4732795e-01   2.5836217e-01
   4.3129566e-01   7.6270665e-01   2.7681661e-01
   4.6205306e-01   7.7808535e-01   2.9527105e-01
   4.9019608e-01   7.9084967e-01   3.0980392e-01
   5.1787774e-01   8.0315263e-01   3.2364475e-01
   5.4694348e-01   8.1499423e-01   3.3748558e-01
   5.7923875e-01   8.2575932e-01   3.5132641e-01
   6.1153403e-01   8.3652441e-01   3.6516724e-01
   6.4844291e-01   8.4844291e-01   3.9284890e-01
   6.8688966e-01   8.6074587e-01   4.2514418e-01
   7.2502884e-01   8.7366398e-01   4.5836217e-01
   7.6193772e-01   8.8904268e-01   4.9527105e-01
   7.9884660e-01   9.0442138e-01   5.3217993e-01
   8.3475586e-01   9.1780085e-01   5.7408689e-01
   8.7012687e-01   9.3010381e-01   6.1868512e-01
   9.0442138e-01   9.4225298e-01   6.6343714e-01
   9.2902730e-01   9.5301807e-01   7.0957324e-01
   9.5363322e-01   9.6378316e-01   7.5570934e-01
   9.7231834e-01   9.7370242e-01   8.0353710e-01
   9.8615917e-01   9.8292964e-01   8.5274894e-01
   1.0000000e+00   9.9215686e-01   9.0196078e-01
   5.7731714e-01   5.5348023e-01   4.9104263e-01
   5.7424134e-01   5.5009684e-01   4.8796683e-01
   5.7116554e-01   5.4671346e-01   4.8489103e-01
   5.6808973e-01   5.4333008e-01   4.8181522e-01
   5.6501393e-01   5.3994670e-01   4.7873942e-01
   5.6193813e-01   5.3656332e-01   4.7566362e-01
   5.5886233e-01   5.3317994e-01   4.7258782e-01
   5.5578653e-01   5.2979655e-01   4.6951202e-01
   5.5271073e-01   5.2641317e-01   4.6643622e-01
   5.4963493e-01   5.2302979e-01   4.6336042e-01
   5.4655912e-01   5.1964641e-01   4.6028461e-01
   5.4348332e-01   5.1626303e-01   4.5720881e-01
   5.4056132e-01   5.1303345e-01   4.5436371e-01
   5.3810073e-01   5.1026528e-01   4.5221069e-01
   5.3564014e-01   5.0749712e-01   4.5005767e-01
   5.3317955e-01   5.0472895e-01   4.4790465e-01
   5.3071895e-01   5.0196078e-01   4.4575163e-01
   5.2825836e-01   4.9919262e-01   4.4359862e-01
   5.2579777e-01   4.9642445e-01   4.4144560e-01
   5.2333718e-01   4.9365629e-01   4.3929258e-01
   5.2087659e-01   4.9088812e-01   4.3713956e-01
   5.1841599e-01   4.8811995e-01   4.3498654e-01
   5.1595540e-01   4.8535179e-01   4.3283353e-01
   5.1349481e-01   4.8258362e-01   4.3068051e-01
   5.1103422e-01   4.7981546e-01   4.2852749e-01
   5.0903499e-01   4.7750865e-01   4.2668205e-01
   5.0749712e-01   4.7566321e-01   4.2514418e-01
   5.0595925e-01   4.7381776e-01   4.2360631e-01
   5.0442138e-01   4.7197232e-01   4.2206844e-01
   5.0288351e-01   4.7012687e-01   4.2053057e-01
   5.0134564e-01   4.6828143e-01   4.1899270e-01
   4.9980777e-01   4.6643599e-01   4.1745483e-01
   4.9826990e-01   4.6459054e-01   4.1591696e-01
   4.9673203e-01   4.6274510e-01   4.1437908e-01
   4.9519416e-01   4.6089965e-01   4.1284121e-01
   4.9365629e-01   4.5905421e-01   4.1130334e-01
   4.9211842e-01   4.5720877e-01   4.0976547e-01
   4.9058055e-01   4.5536332e-01   4.0822760e-01
   4.8904268e-01   4.5351788e-01   4.0668973e-01
   4.8750481e-01   4.5167243e-01   4.0515186e-01
   4.8596694e-01   4.4982699e-01   4.0361399e-01
   4.8442907e-01   4.4798155e-01   4.0207612e-01
   4.8289120e-01   4.4613610e-01   4.0053825e-01
   4.8135333e-01   4.4429066e-01   3.9900038e-01
   4.7981546e-01   4.4244521e-01   3.9746251e-01
   4.7827759e-01   4.4059977e-01   3.9592464e-01
   4.7673972e-01   4.3875433e-01   3.9438677e-01
   4.7520185e-01   4.3690888e-01   3.9284890e-01
   4.7366398e-01   4.3506344e-01   3.9131103e-01
   4.7212611e-01   4.3321799e-01   3.8977316e-01
   4.7058824e-01   4.3137255e-01   3.8823529e-01
   4.6905037e-01   4.2952710e-01   3.8669742e-01
   4.6751250e-01   4.2768166e-01   3.8515955e-01
   4.6597463e-01   4.2583622e-01   3.8362168e-01
   4.6443676e-01   4.2399077e-01   3.8208381e-01
   4.6289889e-01   4.2214533e-01   3.8054594e-01
   4.6136101e-01   4.2029988e-01   3.7900807e-01
   4.5982314e-01   4.1845444e-01   3.7747020e-01
   4.5828527e-01   4.1660900e-01   3.7593233e-01
   4.5674740e-01   4.1476355e-01   3.7439446e-01
   4.5520953e-01   4.1291811e-01   3.7285659e-01
   4.5367166e-01   4.1107266e-01   3.7131872e-01
   4.5213379e-01   4.0922722e-01   3.6978085e-01
   4.5036524e-01   4.0722799e-01   3.6816609e-01
   4.4790465e-01   4.0476740e-01   3.6632065e-01
   4.4544406e-01   4.0230681e-01   3.6447520e-01
   4.4298347e-01   3.9984621e-01   3.6262976e-01
   4.4052288e-01   3.9738562e-01   3.6078431e-01
   4.3806228e-01   3.9492503e-01   3.5893887e-01
   4.3560169e-01   3.9246444e-01   3.5709343e-01
   4.3314110e-01   3.9000384e-01   3.5524798e-01
   4.3068051e-01   3.8754325e-01   3.5340254e-01
   4.2821992e-01   3.8508266e-01   3.5155709e-01
   4.2575932e-01   3.8262207e-01   3.4971165e-01
   4.2329873e-01   3.8016148e-01   3.4786621e-01
   4.2083814e-01   3.7770088e-01   3.4602076e-01
   4.1837755e-01   3.7508651e-01   3.4402153e-01
   4.1591696e-01   3.7231834e-01   3.4186851e-01
   4.1345636e-01   3.6955017e-01   3.3971549e-01
   4.1099577e-01   3.6678201e-01   3.3756248e-01
   4.0853518e-01   3.6401384e-01   3.3540946e-01
   4.0607459e-01   3.6124567e-01   3.3325644e-01
   4.0361399e-01   3.5847751e-01   3.3110342e-01
   4.0115340e-01   3.5570934e-01   3.2895040e-01
   3.9869281e-01   3.5294118e-01   3.2679739e-01
   3.9623222e-01   3.5017301e-01   3.2464437e-01
   3.9377163e-01   3.4740484e-01   3.2249135e-01
   3.9131103e-01   3.4463668e-01   3.2033833e-01
   3.8885044e-01   3.4186851e-01   3.1818531e-01
   3.8662053e-01   3.3956171e-01   3.1603230e-01
   3.8446751e-01   3.3740869e-01   3.1387928e-01
   3.8231449e-01   3.3525567e-01   3.1172626e-01
   3.8016148e-01   3.3310265e-01   3.0957324e-01
   3.7800846e-01   3.3094963e-01   3.0742022e-01
   3.7585544e-01   3.2879662e-01   3.0526720e-01
   3.7370242e-01   3.2664360e-01   3.0311419e-01
   3.7154940e-01   3.2449058e-01   3.0096117e-01
   3.6939639e-01   3.2233756e-01   2.9880815e-01
   3.6724337e-01   3.2018454e-01   2.9665513e-01
   3.6509035e-01   3.1803153e-01   2.9450211e-01
   3.6293733e-01   3.1587851e-01   2.9234910e-01
   3.6078431e-01   3.1372549e-01   2.9019608e-01
   3.5832372e-01   3.1126490e-01   2.8835063e-01
   3.5586313e-01   3.0880431e-01   2.8650519e-01
   3.5340254e-01   3.0634371e-01   2.8465975e-01
   3.5094195e-01   3.0388312e-01   2.8281430e-01
   3.4848135e-01   3.0142253e-01   2.8096886e-01
   3.4602076e-01   2.9896194e-01   2.7912341e-01
   3.4356017e-01   2.9650135e-01   2.7727797e-01
   3.4109958e-01   2.9404075e-01   2.7543253e-01
   3.3863899e-01   2.9158016e-01   2.7358708e-01
   3.3617839e-01   2.8911957e-01   2.7174164e-01
   3.3371780e-01   2.8665898e-01   2.6989619e-01
   3.3125721e-01   2.8419839e-01   2.6805075e-01
   3.2887351e-01   2.8173779e-01   2.6612841e-01
   3.2672049e-01   2.7927720e-01   2.6397539e-01
   3.2456747e-01   2.7681661e-01   2.6182238e-01
   3.2241446e-01   2.7435602e-01   2.5966936e-01
   3.2026144e-01   2.7189542e-01   2.5751634e-01
   3.1810842e-01   2.6943483e-01   2.5536332e-01
   3.1595540e-01   2.6697424e-01   2.5321030e-01
   3.1380238e-01   2.6451365e-01   2.5105729e-01
   3.1164937e-01   2.6205306e-01   2.4890427e-01
   3.0949635e-01   2.5959246e-01   2.4675125e-01
   3.0734333e-01   2.5713187e-01   2.4459823e-01
   3.0519031e-01   2.5467128e-01   2.4244521e-01
   3.0303729e-01   2.5221069e-01   2.4029220e-01
   2.9996155e-01   2.4913495e-01   2.3767782e-01
   2.9596309e-01   2.4544406e-01   2.3460208e-01
   2.9196463e-01   2.4175317e-01   2.3152634e-01
   2.8796617e-01   2.3806228e-01   2.2845060e-01
   2.8396770e-01   2.3437140e-01   2.2537486e-01
   2.7996924e-01   2.3068051e-01   2.2229912e-01
   2.7597078e-01   2.2698962e-01   2.1922338e-01
   2.7197232e-01   2.2329873e-01   2.1614764e-01
   2.6797386e-01   2.1960784e-01   2.1307190e-01
   2.6397539e-01   2.1591696e-01   2.0999616e-01
   2.5997693e-01   2.1222607e-01   2.0692042e-01
   2.5597847e-01   2.0853518e-01   2.0384468e-01
   2.5198001e-01   2.0484429e-01   2.0076894e-01
   2.4913495e-01   2.0253749e-01   1.9861592e-01
   2.4667436e-01   2.0069204e-01   1.9677047e-01
   2.4421376e-01   1.9884660e-01   1.9492503e-01
   2.4175317e-01   1.9700115e-01   1.9307958e-01
   2.3929258e-01   1.9515571e-01   1.9123414e-01
   2.3683199e-01   1.9331027e-01   1.8938870e-01
   2.3437140e-01   1.9146482e-01   1.8754325e-01
   2.3191080e-01   1.8961938e-01   1.8569781e-01
   2.2945021e-01   1.8777393e-01   1.8385236e-01
   2.2698962e-01   1.8592849e-01   1.8200692e-01
   2.2452903e-01   1.8408304e-01   1.8016148e-01
   2.2206844e-01   1.8223760e-01   1.7831603e-01
   2.1960784e-01   1.8039216e-01   1.7647059e-01
