   9.7647100e-01   1.0000000e+00   9.4902000e-01
   9.7401037e-01   9.9846212e-01   9.4594424e-01
   9.7154975e-01   9.9692424e-01   9.4286847e-01
   9.6908912e-01   9.9538635e-01   9.3979271e-01
   9.6662849e-01   9.9384847e-01   9.3671694e-01
   9.6416786e-01   9.9231059e-01   9.3364118e-01
   9.6170724e-01   9.9077271e-01   9.3056541e-01
   9.5924661e-01   9.8923482e-01   9.2748965e-01
   9.5678598e-01   9.8769694e-01   9.2441388e-01
   9.5432535e-01   9.8615906e-01   9.2133812e-01
   9.5186473e-01   9.8462118e-01   9.1826235e-01
   9.4940410e-01   9.8308329e-01   9.1518659e-01
   9.4694347e-01   9.8154541e-01   9.1211082e-01
   9.4432906e-01   9.7977686e-01   9.0911196e-01
   9.4125329e-01   9.7731631e-01   9.0634380e-01
   9.3817753e-01   9.7485576e-01   9.0357565e-01
   9.3510176e-01   9.7239522e-01   9.0080749e-01
   9.3202600e-01   9.6993467e-01   8.9803933e-01
   9.2895024e-01   9.6747412e-01   8.9527118e-01
   9.2587447e-01   9.6501357e-01   8.9250302e-01
   9.2279871e-01   9.6255302e-01   8.8973486e-01
   9.1972294e-01   9.6009247e-01   8.8696671e-01
   9.1664718e-01   9.5763192e-01   8.8419855e-01
   9.1357141e-01   9.5517137e-01   8.8143039e-01
   9.1049565e-01   9.5271082e-01   8.7866224e-01
   9.0741988e-01   9.5025027e-01   8.7589408e-01
   9.0434416e-01   9.4794349e-01   8.7297212e-01
   9.0126847e-01   9.4579047e-01   8.6989635e-01
   8.9819278e-01   9.4363745e-01   8.6682059e-01
   8.9511710e-01   9.4148443e-01   8.6374482e-01
   8.9204141e-01   9.3933141e-01   8.6066906e-01
   8.8896573e-01   9.3717839e-01   8.5759329e-01
   8.8589004e-01   9.3502537e-01   8.5451753e-01
   8.8281435e-01   9.3287235e-01   8.5144176e-01
   8.7973867e-01   9.3071933e-01   8.4836600e-01
   8.7666298e-01   9.2856631e-01   8.4529024e-01
   8.7358729e-01   9.2641329e-01   8.4221447e-01
   8.7051161e-01   9.2426027e-01   8.3913871e-01
   8.6743592e-01   9.2210725e-01   8.3606294e-01
   8.6412947e-01   9.1972353e-01   8.3321788e-01
   8.6074610e-01   9.1726290e-01   8.3044973e-01
   8.5736273e-01   9.1480227e-01   8.2768157e-01
   8.5397935e-01   9.1234165e-01   8.2491341e-01
   8.5059598e-01   9.0988102e-01   8.2214525e-01
   8.4721261e-01   9.0742039e-01   8.1937710e-01
   8.4382924e-01   9.0495976e-01   8.1660894e-01
   8.4044586e-01   9.0249914e-01   8.1384078e-01
   8.3706249e-01   9.0003851e-01   8.1107263e-01
   8.3367912e-01   8.9757788e-01   8.0830447e-01
   8.3029575e-01   8.9511725e-01   8.0553631e-01
   8.2691237e-01   8.9265663e-01   8.0276816e-01
   8.2352900e-01   8.9019600e-01   8.0000000e-01
   8.1953057e-01   8.8712024e-01   7.9661671e-01
   8.1553214e-01   8.8404447e-01   7.9323341e-01
   8.1153371e-01   8.8096871e-01   7.8985012e-01
   8.0753527e-01   8.7789294e-01   7.8646682e-01
   8.0353684e-01   8.7481718e-01   7.8308353e-01
   7.9953841e-01   8.7174141e-01   7.7970024e-01
   7.9553998e-01   8.6866565e-01   7.7631694e-01
   7.9154155e-01   8.6558988e-01   7.7293365e-01
   7.8754312e-01   8.6251412e-01   7.6955035e-01
   7.8354469e-01   8.5943835e-01   7.6616706e-01
   7.7954625e-01   8.5636259e-01   7.6278376e-01
   7.7554782e-01   8.5328682e-01   7.5940047e-01
   7.7185696e-01   8.5036486e-01   7.5632475e-01
   7.6908880e-01   8.4790431e-01   7.5417173e-01
   7.6632065e-01   8.4544376e-01   7.5201871e-01
   7.6355249e-01   8.4298322e-01   7.4986569e-01
   7.6078433e-01   8.4052267e-01   7.4771267e-01
   7.5801618e-01   8.3806212e-01   7.4555965e-01
   7.5524802e-01   8.3560157e-01   7.4340663e-01
   7.5247986e-01   8.3314102e-01   7.4125361e-01
   7.4971171e-01   8.3068047e-01   7.3910059e-01
   7.4694355e-01   8.2821992e-01   7.3694757e-01
   7.4417539e-01   8.2575937e-01   7.3479455e-01
   7.4140724e-01   8.2329882e-01   7.3264153e-01
   7.3863908e-01   8.2083827e-01   7.3048851e-01
   7.3525578e-01   8.1807012e-01   7.2772035e-01
   7.3125735e-01   8.1499435e-01   7.2433706e-01
   7.2725892e-01   8.1191859e-01   7.2095376e-01
   7.2326049e-01   8.0884282e-01   7.1757047e-01
   7.1926206e-01   8.0576706e-01   7.1418718e-01
   7.1526363e-01   8.0269129e-01   7.1080388e-01
   7.1126520e-01   7.9961553e-01   7.0742059e-01
   7.0726676e-01   7.9653976e-01   7.0403729e-01
   7.0326833e-01   7.9346400e-01   7.0065400e-01
   6.9926990e-01   7.9038824e-01   6.9727071e-01
   6.9527147e-01   7.8731247e-01   6.9388741e-01
   6.9127304e-01   7.8423671e-01   6.9050412e-01
   6.8727461e-01   7.8116094e-01   6.8712082e-01
   6.8419882e-01   7.7808518e-01   6.8466024e-01
   6.8143059e-01   7.7500941e-01   6.8250722e-01
   6.7866235e-01   7.7193365e-01   6.8035420e-01
   6.7589412e-01   7.6885788e-01   6.7820118e-01
   6.7312588e-01   7.6578212e-01   6.7604816e-01
   6.7035765e-01   7.6270635e-01   6.7389514e-01
   6.6758941e-01   7.5963059e-01   6.7174212e-01
   6.6482118e-01   7.5655482e-01   6.6958910e-01
   6.6205294e-01   7.5347906e-01   6.6743608e-01
   6.5928471e-01   7.5040329e-01   6.6528306e-01
   6.5651647e-01   7.4732753e-01   6.6313004e-01
   6.5374824e-01   7.4425176e-01   6.6097702e-01
   6.5098000e-01   7.4117600e-01   6.5882400e-01
   6.4759671e-01   7.3810031e-01   6.5605576e-01
   6.4421341e-01   7.3502463e-01   6.5328753e-01
   6.4083012e-01   7.3194894e-01   6.5051929e-01
   6.3744682e-01   7.2887325e-01   6.4775106e-01
   6.3406353e-01   7.2579757e-01   6.4498282e-01
   6.3068024e-01   7.2272188e-01   6.4221459e-01
   6.2729694e-01   7.1964620e-01   6.3944635e-01
   6.2391365e-01   7.1657051e-01   6.3667812e-01
   6.2053035e-01   7.1349482e-01   6.3390988e-01
   6.1714706e-01   7.1041914e-01   6.3114165e-01
   6.1376376e-01   7.0734345e-01   6.2837341e-01
   6.1038047e-01   7.0426776e-01   6.2560518e-01
   6.0715096e-01   7.0111518e-01   6.2299075e-01
   6.0438280e-01   6.9773188e-01   6.2083773e-01
   6.0161465e-01   6.9434859e-01   6.1868471e-01
   5.9884649e-01   6.9096529e-01   6.1653169e-01
   5.9607833e-01   6.8758200e-01   6.1437867e-01
   5.9331018e-01   6.8419871e-01   6.1222565e-01
   5.9054202e-01   6.8081541e-01   6.1007263e-01
   5.8777386e-01   6.7743212e-01   6.0791961e-01
   5.8500571e-01   6.7404882e-01   6.0576659e-01
   5.8223755e-01   6.7066553e-01   6.0361357e-01
   5.7946939e-01   6.6728224e-01   6.0146055e-01
   5.7670124e-01   6.6389894e-01   5.9930753e-01
   5.7393308e-01   6.6051565e-01   5.9715451e-01
   5.7070355e-01   6.5697855e-01   5.9438635e-01
   5.6701265e-01   6.5328765e-01   5.9100306e-01
   5.6332175e-01   6.4959675e-01   5.8761976e-01
   5.5963084e-01   6.4590584e-01   5.8423647e-01
   5.5593994e-01   6.4221494e-01   5.8085318e-01
   5.5224904e-01   6.3852404e-01   5.7746988e-01
   5.4855814e-01   6.3483314e-01   5.7408659e-01
   5.4486724e-01   6.3114224e-01   5.7070329e-01
   5.4117633e-01   6.2745133e-01   5.6732000e-01
   5.3748543e-01   6.2376043e-01   5.6393671e-01
   5.3379453e-01   6.2006953e-01   5.6055341e-01
   5.3010363e-01   6.1637863e-01   5.5717012e-01
   5.2641273e-01   6.1268773e-01   5.5378682e-01
   5.2387524e-01   6.0991953e-01   5.5178759e-01
   5.2172222e-01   6.0745890e-01   5.5024971e-01
   5.1956920e-01   6.0499827e-01   5.4871182e-01
   5.1741618e-01   6.0253765e-01   5.4717394e-01
   5.1526316e-01   6.0007702e-01   5.4563606e-01
   5.1311014e-01   5.9761639e-01   5.4409818e-01
   5.1095712e-01   5.9515576e-01   5.4256029e-01
   5.0880410e-01   5.9269514e-01   5.4102241e-01
   5.0665108e-01   5.9023451e-01   5.3948453e-01
   5.0449806e-01   5.8777388e-01   5.3794665e-01
   5.0234504e-01   5.8531325e-01   5.3640876e-01
   5.0019202e-01   5.8285263e-01   5.3487088e-01
   4.9803900e-01   5.8039200e-01   5.3333300e-01
   4.9557845e-01   5.7793145e-01   5.3148759e-01
   4.9311790e-01   5.7547090e-01   5.2964218e-01
   4.9065735e-01   5.7301035e-01   5.2779676e-01
   4.8819680e-01   5.7054980e-01   5.2595135e-01
   4.8573625e-01   5.6808925e-01   5.2410594e-01
   4.8327571e-01   5.6562871e-01   5.2226053e-01
   4.8081516e-01   5.6316816e-01   5.2041512e-01
   4.7835461e-01   5.6070761e-01   5.1856971e-01
   4.7589406e-01   5.5824706e-01   5.1672429e-01
   4.7343351e-01   5.5578651e-01   5.1487888e-01
   4.7097296e-01   5.5332596e-01   5.1303347e-01
   4.6851241e-01   5.5086541e-01   5.1118806e-01
   4.6620563e-01   5.4848175e-01   5.0934265e-01
   4.6436014e-01   5.4632873e-01   5.0749724e-01
   4.6251465e-01   5.4417571e-01   5.0565182e-01
   4.6066916e-01   5.4202269e-01   5.0380641e-01
   4.5882367e-01   5.3986967e-01   5.0196100e-01
   4.5697818e-01   5.3771665e-01   5.0011559e-01
   4.5513269e-01   5.3556363e-01   4.9827018e-01
   4.5328720e-01   5.3341061e-01   4.9642476e-01
   4.5144171e-01   5.3125759e-01   4.9457935e-01
   4.4959622e-01   5.2910457e-01   4.9273394e-01
   4.4775073e-01   5.2695155e-01   4.9088853e-01
   4.4590524e-01   5.2479853e-01   4.8904312e-01
   4.4405975e-01   5.2264551e-01   4.8719771e-01
   4.4236806e-01   5.2080006e-01   4.8581363e-01
   4.4083018e-01   5.1926218e-01   4.8489088e-01
   4.3929229e-01   5.1772429e-01   4.8396814e-01
   4.3775441e-01   5.1618641e-01   4.8304539e-01
   4.3621653e-01   5.1464853e-01   4.8212265e-01
   4.3467865e-01   5.1311065e-01   4.8119990e-01
   4.3314076e-01   5.1157276e-01   4.8027716e-01
   4.3160288e-01   5.1003488e-01   4.7935441e-01
   4.3006500e-01   5.0849700e-01   4.7843167e-01
   4.2852712e-01   5.0695912e-01   4.7750892e-01
   4.2698924e-01   5.0542124e-01   4.7658618e-01
   4.2545135e-01   5.0388335e-01   4.7566343e-01
   4.2391347e-01   5.0234547e-01   4.7474069e-01
   4.2283700e-01   5.0057688e-01   4.7381794e-01
   4.2191433e-01   4.9873139e-01   4.7289520e-01
   4.2099167e-01   4.9688590e-01   4.7197245e-01
   4.2006900e-01   4.9504041e-01   4.7104971e-01
   4.1914633e-01   4.9319492e-01   4.7012696e-01
   4.1822367e-01   4.9134943e-01   4.6920422e-01
   4.1730100e-01   4.8950394e-01   4.6828147e-01
   4.1637833e-01   4.8765845e-01   4.6735873e-01
   4.1545567e-01   4.8581296e-01   4.6643598e-01
   4.1453300e-01   4.8396747e-01   4.6551324e-01
   4.1361033e-01   4.8212198e-01   4.6459049e-01
   4.1268767e-01   4.8027649e-01   4.6366775e-01
   4.1176500e-01   4.7843100e-01   4.6274500e-01
   4.1114986e-01   4.7689320e-01   4.6182225e-01
   4.1053473e-01   4.7535539e-01   4.6089951e-01
   4.0991959e-01   4.7381759e-01   4.5997676e-01
   4.0930445e-01   4.7227978e-01   4.5905402e-01
   4.0868931e-01   4.7074198e-01   4.5813127e-01
   4.0807418e-01   4.6920418e-01   4.5720853e-01
   4.0745904e-01   4.6766637e-01   4.5628578e-01
   4.0684390e-01   4.6612857e-01   4.5536304e-01
   4.0622876e-01   4.6459076e-01   4.5444029e-01
   4.0561363e-01   4.6305296e-01   4.5351755e-01
   4.0499849e-01   4.6151516e-01   4.5259480e-01
   4.0438335e-01   4.5997735e-01   4.5167206e-01
   4.0376820e-01   4.5843953e-01   4.5067243e-01
   4.0315298e-01   4.5690165e-01   4.4944216e-01
   4.0253776e-01   4.5536376e-01   4.4821188e-01
   4.0192255e-01   4.5382588e-01   4.4698161e-01
   4.0130733e-01   4.5228800e-01   4.4575133e-01
   4.0069212e-01   4.5075012e-01   4.4452106e-01
   4.0007690e-01   4.4921224e-01   4.4329078e-01
   3.9946169e-01   4.4767435e-01   4.4206051e-01
   3.9884647e-01   4.4613647e-01   4.4083024e-01
   3.9823125e-01   4.4459859e-01   4.3959996e-01
   3.9761604e-01   4.4306071e-01   4.3836969e-01
   3.9700082e-01   4.4152282e-01   4.3713941e-01
   3.9638561e-01   4.3998494e-01   4.3590914e-01
   3.9577043e-01   4.3844706e-01   4.3467886e-01
   3.9515529e-01   4.3690918e-01   4.3344859e-01
   3.9454016e-01   4.3537129e-01   4.3221831e-01
   3.9392502e-01   4.3383341e-01   4.3098804e-01
   3.9330988e-01   4.3229553e-01   4.2975776e-01
   3.9269475e-01   4.3075765e-01   4.2852749e-01
   3.9207961e-01   4.2921976e-01   4.2729722e-01
   3.9146447e-01   4.2768188e-01   4.2606694e-01
   3.9084933e-01   4.2614400e-01   4.2483667e-01
   3.9023420e-01   4.2460612e-01   4.2360639e-01
   3.8961906e-01   4.2306824e-01   4.2237612e-01
   3.8900392e-01   4.2153035e-01   4.2114584e-01
   3.8838878e-01   4.1999247e-01   4.1991557e-01
   3.8777365e-01   4.1822388e-01   4.1845459e-01
   3.8715851e-01   4.1637839e-01   4.1691671e-01
   3.8654337e-01   4.1453290e-01   4.1537882e-01
   3.8592824e-01   4.1268741e-01   4.1384094e-01
   3.8531310e-01   4.1084192e-01   4.1230306e-01
   3.8469796e-01   4.0899643e-01   4.1076518e-01
   3.8408282e-01   4.0715094e-01   4.0922729e-01
   3.8346769e-01   4.0530545e-01   4.0768941e-01
   3.8285255e-01   4.0345996e-01   4.0615153e-01
   3.8223741e-01   4.0161447e-01   4.0461365e-01
   3.8162227e-01   3.9976898e-01   4.0307576e-01
   3.8100714e-01   3.9792349e-01   4.0153788e-01
   3.8039200e-01   3.9607800e-01   4.0000000e-01
