   9.6470600e-01   9.8823500e-01   9.4117600e-01
   9.6193784e-01   9.8715849e-01   9.3733133e-01
   9.5916969e-01   9.8608198e-01   9.3348667e-01
   9.5640153e-01   9.8500547e-01   9.2964200e-01
   9.5363337e-01   9.8392896e-01   9.2579733e-01
   9.5086522e-01   9.8285245e-01   9.2195267e-01
   9.4809706e-01   9.8177594e-01   9.1810800e-01
   9.4532890e-01   9.8069943e-01   9.1426333e-01
   9.4256075e-01   9.7962292e-01   9.1041867e-01
   9.3979259e-01   9.7854641e-01   9.0657400e-01
   9.3702443e-01   9.7746990e-01   9.0272933e-01
   9.3425627e-01   9.7639339e-01   8.9888467e-01
   9.3148812e-01   9.7531688e-01   8.9504000e-01
   9.2871996e-01   9.7424037e-01   8.9119533e-01
   9.2595180e-01   9.7316386e-01   8.8735067e-01
   9.2318365e-01   9.7208735e-01   8.8350600e-01
   9.2041549e-01   9.7101084e-01   8.7966133e-01
   9.1764733e-01   9.6993433e-01   8.7581667e-01
   9.1487918e-01   9.6885782e-01   8.7197200e-01
   9.1211102e-01   9.6778131e-01   8.6812733e-01
   9.0934286e-01   9.6670480e-01   8.6428267e-01
   9.0657471e-01   9.6562829e-01   8.6043800e-01
   9.0380655e-01   9.6455178e-01   8.5659333e-01
   9.0103839e-01   9.6347527e-01   8.5274867e-01
   8.9827024e-01   9.6239876e-01   8.4890400e-01
   8.9550208e-01   9.6132225e-01   8.4505933e-01
   8.9219565e-01   9.6001508e-01   8.4136845e-01
   8.8835094e-01   9.5847724e-01   8.3783135e-01
   8.8450624e-01   9.5693939e-01   8.3429425e-01
   8.8066153e-01   9.5540155e-01   8.3075716e-01
   8.7681682e-01   9.5386371e-01   8.2722006e-01
   8.7297212e-01   9.5232586e-01   8.2368296e-01
   8.6912741e-01   9.5078802e-01   8.2014586e-01
   8.6528271e-01   9.4925018e-01   8.1660876e-01
   8.6143800e-01   9.4771233e-01   8.1307167e-01
   8.5759329e-01   9.4617449e-01   8.0953457e-01
   8.5374859e-01   9.4463665e-01   8.0599747e-01
   8.4990388e-01   9.4309880e-01   8.0246037e-01
   8.4605918e-01   9.4156096e-01   7.9892327e-01
   8.4221447e-01   9.4002312e-01   7.9538618e-01
   8.3836976e-01   9.3848527e-01   7.9184908e-01
   8.3452506e-01   9.3694743e-01   7.8831198e-01
   8.3068035e-01   9.3540959e-01   7.8477488e-01
   8.2683565e-01   9.3387175e-01   7.8123778e-01
   8.2299094e-01   9.3233390e-01   7.7770069e-01
   8.1914624e-01   9.3079606e-01   7.7416359e-01
   8.1530153e-01   9.2925822e-01   7.7062649e-01
   8.1145682e-01   9.2772037e-01   7.6708939e-01
   8.0761212e-01   9.2618253e-01   7.6355229e-01
   8.0376741e-01   9.2464469e-01   7.6001520e-01
   7.9992271e-01   9.2310684e-01   7.5647810e-01
   7.9607800e-01   9.2156900e-01   7.5294100e-01
   7.9423259e-01   9.2033869e-01   7.5171073e-01
   7.9238718e-01   9.1910837e-01   7.5048045e-01
   7.9054176e-01   9.1787806e-01   7.4925018e-01
   7.8869635e-01   9.1664775e-01   7.4801990e-01
   7.8685094e-01   9.1541743e-01   7.4678963e-01
   7.8500553e-01   9.1418712e-01   7.4555935e-01
   7.8316012e-01   9.1295680e-01   7.4432908e-01
   7.8131471e-01   9.1172649e-01   7.4309880e-01
   7.7946929e-01   9.1049618e-01   7.4186853e-01
   7.7762388e-01   9.0926586e-01   7.4063825e-01
   7.7577847e-01   9.0803555e-01   7.3940798e-01
   7.7393306e-01   9.0680524e-01   7.3817771e-01
   7.7208765e-01   9.0557492e-01   7.3694743e-01
   7.7024224e-01   9.0434461e-01   7.3571716e-01
   7.6839682e-01   9.0311429e-01   7.3448688e-01
   7.6655141e-01   9.0188398e-01   7.3325661e-01
   7.6470600e-01   9.0065367e-01   7.3202633e-01
   7.6286059e-01   8.9942335e-01   7.3079606e-01
   7.6101518e-01   8.9819304e-01   7.2956578e-01
   7.5916976e-01   8.9696273e-01   7.2833551e-01
   7.5732435e-01   8.9573241e-01   7.2710524e-01
   7.5547894e-01   8.9450210e-01   7.2587496e-01
   7.5363353e-01   8.9327178e-01   7.2464469e-01
   7.5178812e-01   8.9204147e-01   7.2341441e-01
   7.4994271e-01   8.9081116e-01   7.2218414e-01
   7.4794349e-01   8.8942706e-01   7.2072316e-01
   7.4579047e-01   8.8788918e-01   7.1903147e-01
   7.4363745e-01   8.8635129e-01   7.1733978e-01
   7.4148443e-01   8.8481341e-01   7.1564810e-01
   7.3933141e-01   8.8327553e-01   7.1395641e-01
   7.3717839e-01   8.8173765e-01   7.1226473e-01
   7.3502537e-01   8.8019976e-01   7.1057304e-01
   7.3287235e-01   8.7866188e-01   7.0888135e-01
   7.3071933e-01   8.7712400e-01   7.0718967e-01
   7.2856631e-01   8.7558612e-01   7.0549798e-01
   7.2641329e-01   8.7404824e-01   7.0380629e-01
   7.2426027e-01   8.7251035e-01   7.0211461e-01
   7.2210725e-01   8.7097247e-01   7.0042292e-01
   7.1995424e-01   8.6943459e-01   6.9873124e-01
   7.1780122e-01   8.6789671e-01   6.9703955e-01
   7.1564820e-01   8.6635882e-01   6.9534786e-01
   7.1349518e-01   8.6482094e-01   6.9365618e-01
   7.1134216e-01   8.6328306e-01   6.9196449e-01
   7.0918914e-01   8.6174518e-01   6.9027280e-01
   7.0703612e-01   8.6020729e-01   6.8858112e-01
   7.0488310e-01   8.5866941e-01   6.8688943e-01
   7.0273008e-01   8.5713153e-01   6.8519775e-01
   7.0057706e-01   8.5559365e-01   6.8350606e-01
   6.9842404e-01   8.5405576e-01   6.8181437e-01
   6.9627102e-01   8.5251788e-01   6.8012269e-01
   6.9411800e-01   8.5098000e-01   6.7843100e-01
   6.9227255e-01   8.4974973e-01   6.7720073e-01
   6.9042710e-01   8.4851945e-01   6.7597045e-01
   6.8858165e-01   8.4728918e-01   6.7474018e-01
   6.8673620e-01   8.4605890e-01   6.7350990e-01
   6.8489075e-01   8.4482863e-01   6.7227963e-01
   6.8304529e-01   8.4359835e-01   6.7104935e-01
   6.8119984e-01   8.4236808e-01   6.6981908e-01
   6.7935439e-01   8.4113780e-01   6.6858880e-01
   6.7750894e-01   8.3990753e-01   6.6735853e-01
   6.7566349e-01   8.3867725e-01   6.6612825e-01
   6.7381804e-01   8.3744698e-01   6.6489798e-01
   6.7197259e-01   8.3621671e-01   6.6366771e-01
   6.7012714e-01   8.3498643e-01   6.6243743e-01
   6.6828169e-01   8.3375616e-01   6.6120716e-01
   6.6643624e-01   8.3252588e-01   6.5997688e-01
   6.6459078e-01   8.3129561e-01   6.5874661e-01
   6.6274533e-01   8.3006533e-01   6.5751633e-01
   6.6089988e-01   8.2883506e-01   6.5628606e-01
   6.5905443e-01   8.2760478e-01   6.5505578e-01
   6.5720898e-01   8.2637451e-01   6.5382551e-01
   6.5536353e-01   8.2514424e-01   6.5259524e-01
   6.5351808e-01   8.2391396e-01   6.5136496e-01
   6.5167263e-01   8.2268369e-01   6.5013469e-01
   6.4982718e-01   8.2145341e-01   6.4890441e-01
   6.4798173e-01   8.2022314e-01   6.4767414e-01
   6.4629006e-01   8.1883906e-01   6.4659763e-01
   6.4475218e-01   8.1730118e-01   6.4567488e-01
   6.4321429e-01   8.1576329e-01   6.4475214e-01
   6.4167641e-01   8.1422541e-01   6.4382939e-01
   6.4013853e-01   8.1268753e-01   6.4290665e-01
   6.3860065e-01   8.1114965e-01   6.4198390e-01
   6.3706276e-01   8.0961176e-01   6.4106116e-01
   6.3552488e-01   8.0807388e-01   6.4013841e-01
   6.3398700e-01   8.0653600e-01   6.3921567e-01
   6.3244912e-01   8.0499812e-01   6.3829292e-01
   6.3091124e-01   8.0346024e-01   6.3737018e-01
   6.2937335e-01   8.0192235e-01   6.3644743e-01
   6.2783547e-01   8.0038447e-01   6.3552469e-01
   6.2629759e-01   7.9884659e-01   6.3460194e-01
   6.2475971e-01   7.9730871e-01   6.3367920e-01
   6.2322182e-01   7.9577082e-01   6.3275645e-01
   6.2168394e-01   7.9423294e-01   6.3183371e-01
   6.2014606e-01   7.9269506e-01   6.3091096e-01
   6.1860818e-01   7.9115718e-01   6.2998822e-01
   6.1707029e-01   7.8961929e-01   6.2906547e-01
   6.1553241e-01   7.8808141e-01   6.2814273e-01
   6.1399453e-01   7.8654353e-01   6.2721998e-01
   6.1245665e-01   7.8500565e-01   6.2629724e-01
   6.1091876e-01   7.8346776e-01   6.2537449e-01
   6.0938088e-01   7.8192988e-01   6.2445175e-01
   6.0784300e-01   7.8039200e-01   6.2352900e-01
   6.0599755e-01   7.7885412e-01   6.2229873e-01
   6.0415210e-01   7.7731624e-01   6.2106845e-01
   6.0230665e-01   7.7577835e-01   6.1983818e-01
   6.0046120e-01   7.7424047e-01   6.1860790e-01
   5.9861575e-01   7.7270259e-01   6.1737763e-01
   5.9677029e-01   7.7116471e-01   6.1614735e-01
   5.9492484e-01   7.6962682e-01   6.1491708e-01
   5.9307939e-01   7.6808894e-01   6.1368680e-01
   5.9123394e-01   7.6655106e-01   6.1245653e-01
   5.8938849e-01   7.6501318e-01   6.1122625e-01
   5.8754304e-01   7.6347529e-01   6.0999598e-01
   5.8569759e-01   7.6193741e-01   6.0876571e-01
   5.8385214e-01   7.6039953e-01   6.0753543e-01
   5.8200669e-01   7.5886165e-01   6.0630516e-01
   5.8016124e-01   7.5732376e-01   6.0507488e-01
   5.7831578e-01   7.5578588e-01   6.0384461e-01
   5.7647033e-01   7.5424800e-01   6.0261433e-01
   5.7462488e-01   7.5271012e-01   6.0138406e-01
   5.7277943e-01   7.5117224e-01   6.0015378e-01
   5.7093398e-01   7.4963435e-01   5.9892351e-01
   5.6908853e-01   7.4809647e-01   5.9769324e-01
   5.6724308e-01   7.4655859e-01   5.9646296e-01
   5.6539763e-01   7.4502071e-01   5.9523269e-01
   5.6355218e-01   7.4348282e-01   5.9400241e-01
   5.6170673e-01   7.4194494e-01   5.9277214e-01
   5.5993818e-01   7.4040708e-01   5.9161875e-01
   5.5824653e-01   7.3886924e-01   5.9054224e-01
   5.5655488e-01   7.3733139e-01   5.8946573e-01
   5.5486324e-01   7.3579355e-01   5.8838922e-01
   5.5317159e-01   7.3425571e-01   5.8731271e-01
   5.5147994e-01   7.3271786e-01   5.8623620e-01
   5.4978829e-01   7.3118002e-01   5.8515969e-01
   5.4809665e-01   7.2964218e-01   5.8408318e-01
   5.4640500e-01   7.2810433e-01   5.8300667e-01
   5.4471335e-01   7.2656649e-01   5.8193016e-01
   5.4302171e-01   7.2502865e-01   5.8085365e-01
   5.4133006e-01   7.2349080e-01   5.7977714e-01
   5.3963841e-01   7.2195296e-01   5.7870063e-01
   5.3794676e-01   7.2041512e-01   5.7762412e-01
   5.3625512e-01   7.1887727e-01   5.7654761e-01
   5.3456347e-01   7.1733943e-01   5.7547110e-01
   5.3287182e-01   7.1580159e-01   5.7439459e-01
   5.3118018e-01   7.1426375e-01   5.7331808e-01
   5.2948853e-01   7.1272590e-01   5.7224157e-01
   5.2779688e-01   7.1118806e-01   5.7116506e-01
   5.2610524e-01   7.0965022e-01   5.7008855e-01
   5.2441359e-01   7.0811237e-01   5.6901204e-01
   5.2272194e-01   7.0657453e-01   5.6793553e-01
   5.2103029e-01   7.0503669e-01   5.6685902e-01
   5.1933865e-01   7.0349884e-01   5.6578251e-01
   5.1764700e-01   7.0196100e-01   5.6470600e-01
   5.1564778e-01   7.0026935e-01   5.6347569e-01
   5.1364857e-01   6.9857771e-01   5.6224537e-01
   5.1164935e-01   6.9688606e-01   5.6101506e-01
   5.0965014e-01   6.9519441e-01   5.5978475e-01
   5.0765092e-01   6.9350276e-01   5.5855443e-01
   5.0565171e-01   6.9181112e-01   5.5732412e-01
   5.0365249e-01   6.9011947e-01   5.5609380e-01
   5.0165327e-01   6.8842782e-01   5.5486349e-01
   4.9965406e-01   6.8673618e-01   5.5363318e-01
   4.9765484e-01   6.8504453e-01   5.5240286e-01
   4.9565563e-01   6.8335288e-01   5.5117255e-01
   4.9365641e-01   6.8166124e-01   5.4994224e-01
   4.9165720e-01   6.7996959e-01   5.4871192e-01
   4.8965798e-01   6.7827794e-01   5.4748161e-01
   4.8765876e-01   6.7658629e-01   5.4625129e-01
   4.8565955e-01   6.7489465e-01   5.4502098e-01
   4.8366033e-01   6.7320300e-01   5.4379067e-01
   4.8166112e-01   6.7151135e-01   5.4256035e-01
   4.7966190e-01   6.6981971e-01   5.4133004e-01
   4.7766269e-01   6.6812806e-01   5.4009973e-01
   4.7566347e-01   6.6643641e-01   5.3886941e-01
   4.7366425e-01   6.6474476e-01   5.3763910e-01
   4.7166504e-01   6.6305312e-01   5.3640878e-01
   4.6966582e-01   6.6136147e-01   5.3517847e-01
   4.6766661e-01   6.5966982e-01   5.3394816e-01
   4.6551359e-01   6.5743990e-01   5.3233339e-01
   4.6320676e-01   6.5467171e-01   5.3033418e-01
   4.6089994e-01   6.5190351e-01   5.2833496e-01
   4.5859312e-01   6.4913531e-01   5.2633575e-01
   4.5628629e-01   6.4636712e-01   5.2433653e-01
   4.5397947e-01   6.4359892e-01   5.2233731e-01
   4.5167265e-01   6.4083073e-01   5.2033810e-01
   4.4936582e-01   6.3806253e-01   5.1833888e-01
   4.4705900e-01   6.3529433e-01   5.1633967e-01
   4.4475218e-01   6.3252614e-01   5.1434045e-01
   4.4244535e-01   6.2975794e-01   5.1234124e-01
   4.4013853e-01   6.2698975e-01   5.1034202e-01
   4.3783171e-01   6.2422155e-01   5.0834280e-01
   4.3552488e-01   6.2145335e-01   5.0634359e-01
   4.3321806e-01   6.1868516e-01   5.0434437e-01
   4.3091124e-01   6.1591696e-01   5.0234516e-01
   4.2860441e-01   6.1314876e-01   5.0034594e-01
   4.2629759e-01   6.1038057e-01   4.9834673e-01
   4.2399076e-01   6.0761237e-01   4.9634751e-01
   4.2168394e-01   6.0484418e-01   4.9434829e-01
   4.1937712e-01   6.0207598e-01   4.9234908e-01
   4.1707029e-01   5.9930778e-01   4.9034986e-01
   4.1476347e-01   5.9653959e-01   4.8835065e-01
   4.1245665e-01   5.9377139e-01   4.8635143e-01
   4.1014982e-01   5.9100320e-01   4.8435222e-01
   4.0784300e-01   5.8823500e-01   4.8235300e-01
