   1.4902000e-01   2.7058800e-01   1.8823500e-01
   1.4748196e-01   2.7212584e-01   1.8669716e-01
   1.4594392e-01   2.7366369e-01   1.8515931e-01
   1.4440588e-01   2.7520153e-01   1.8362147e-01
   1.4286784e-01   2.7673937e-01   1.8208363e-01
   1.4132980e-01   2.7827722e-01   1.8054578e-01
   1.4025329e-01   2.8119924e-01   1.7946929e-01
   1.3922807e-01   2.8427505e-01   1.7844407e-01
   1.3820284e-01   2.8735087e-01   1.7741884e-01
   1.3717761e-01   2.9042669e-01   1.7639361e-01
   1.3615238e-01   2.9350250e-01   1.7536838e-01
   1.3512715e-01   2.9657832e-01   1.7434315e-01
   1.3410192e-01   2.9965414e-01   1.7331792e-01
   1.3340990e-01   3.0249925e-01   1.7247210e-01
   1.3371751e-01   3.0465227e-01   1.7216449e-01
   1.3402512e-01   3.0680529e-01   1.7185688e-01
   1.3433273e-01   3.0895831e-01   1.7154927e-01
   1.3464033e-01   3.1111133e-01   1.7124167e-01
   1.3494794e-01   3.1326435e-01   1.7093406e-01
   1.3525555e-01   3.1541737e-01   1.7062645e-01
   1.3556316e-01   3.1757039e-01   1.7031884e-01
   1.3587076e-01   3.1972341e-01   1.7001124e-01
   1.3617837e-01   3.2187643e-01   1.6970363e-01
   1.3648598e-01   3.2402945e-01   1.6939602e-01
   1.3679359e-01   3.2618247e-01   1.6908841e-01
   1.3710120e-01   3.2833549e-01   1.6878080e-01
   1.3740876e-01   3.3094984e-01   1.6862700e-01
   1.3771629e-01   3.3402553e-01   1.6862700e-01
   1.3802382e-01   3.3710122e-01   1.6862700e-01
   1.3833135e-01   3.4017690e-01   1.6862700e-01
   1.3863888e-01   3.4325259e-01   1.6862700e-01
   1.3894641e-01   3.4632827e-01   1.6862700e-01
   1.3925394e-01   3.4940396e-01   1.6862700e-01
   1.3956147e-01   3.5247965e-01   1.6862700e-01
   1.3986900e-01   3.5555533e-01   1.6862700e-01
   1.4017653e-01   3.5863102e-01   1.6862700e-01
   1.4048406e-01   3.6170671e-01   1.6862700e-01
   1.4079159e-01   3.6478239e-01   1.6862700e-01
   1.4109912e-01   3.6785808e-01   1.6862700e-01
   1.4140671e-01   3.7116453e-01   1.6770429e-01
   1.4171431e-01   3.7454790e-01   1.6647402e-01
   1.4202192e-01   3.7793127e-01   1.6524375e-01
   1.4232953e-01   3.8131465e-01   1.6401347e-01
   1.4263714e-01   3.8469802e-01   1.6278320e-01
   1.4294475e-01   3.8808139e-01   1.6155292e-01
   1.4325235e-01   3.9146476e-01   1.6032265e-01
   1.4355996e-01   3.9484814e-01   1.5909237e-01
   1.4386757e-01   3.9823151e-01   1.5786210e-01
   1.4417518e-01   4.0161488e-01   1.5663182e-01
   1.4448278e-01   4.0499825e-01   1.5540155e-01
   1.4479039e-01   4.0838163e-01   1.5417127e-01
   1.4509800e-01   4.1176500e-01   1.5294100e-01
   1.4540561e-01   4.1484069e-01   1.5232586e-01
   1.4571322e-01   4.1791637e-01   1.5171073e-01
   1.4602082e-01   4.2099206e-01   1.5109559e-01
   1.4632843e-01   4.2406775e-01   1.5048045e-01
   1.4663604e-01   4.2714343e-01   1.4986531e-01
   1.4694365e-01   4.3021912e-01   1.4925018e-01
   1.4725125e-01   4.3329480e-01   1.4863504e-01
   1.4755886e-01   4.3637049e-01   1.4801990e-01
   1.4786647e-01   4.3944618e-01   1.4740476e-01
   1.4817408e-01   4.4252186e-01   1.4678963e-01
   1.4848169e-01   4.4559755e-01   1.4617449e-01
   1.4878929e-01   4.4867324e-01   1.4555935e-01
   1.4940445e-01   4.5174894e-01   1.4509800e-01
   1.5094225e-01   4.5482471e-01   1.4509800e-01
   1.5248006e-01   4.5790047e-01   1.4509800e-01
   1.5401786e-01   4.6097624e-01   1.4509800e-01
   1.5555567e-01   4.6405200e-01   1.4509800e-01
   1.5709347e-01   4.6712776e-01   1.4509800e-01
   1.5863127e-01   4.7020353e-01   1.4509800e-01
   1.6016908e-01   4.7327929e-01   1.4509800e-01
   1.6170688e-01   4.7635506e-01   1.4509800e-01
   1.6324469e-01   4.7943082e-01   1.4509800e-01
   1.6478249e-01   4.8250659e-01   1.4509800e-01
   1.6632029e-01   4.8558235e-01   1.4509800e-01
   1.6785810e-01   4.8865812e-01   1.4509800e-01
   1.6954975e-01   4.9173388e-01   1.4525180e-01
   1.7139524e-01   4.9480965e-01   1.4555941e-01
   1.7324073e-01   4.9788541e-01   1.4586702e-01
   1.7508622e-01   5.0096118e-01   1.4617463e-01
   1.7693171e-01   5.0403694e-01   1.4648224e-01
   1.7877720e-01   5.0711271e-01   1.4678984e-01
   1.8062269e-01   5.1018847e-01   1.4709745e-01
   1.8246818e-01   5.1326424e-01   1.4740506e-01
   1.8431367e-01   5.1634000e-01   1.4771267e-01
   1.8615916e-01   5.1941576e-01   1.4802027e-01
   1.8800465e-01   5.2249153e-01   1.4832788e-01
   1.8985014e-01   5.2556729e-01   1.4863549e-01
   1.9169563e-01   5.2864306e-01   1.4894310e-01
   1.9377176e-01   5.3125741e-01   1.4925065e-01
   1.9592478e-01   5.3371796e-01   1.4955818e-01
   1.9807780e-01   5.3617851e-01   1.4986571e-01
   2.0023082e-01   5.3863906e-01   1.5017324e-01
   2.0238384e-01   5.4109961e-01   1.5048076e-01
   2.0453686e-01   5.4356016e-01   1.5078829e-01
   2.0668988e-01   5.4602071e-01   1.5109582e-01
   2.0884290e-01   5.4848125e-01   1.5140335e-01
   2.1099592e-01   5.5094180e-01   1.5171088e-01
   2.1314894e-01   5.5340235e-01   1.5201841e-01
   2.1530196e-01   5.5586290e-01   1.5232594e-01
   2.1745498e-01   5.5832345e-01   1.5263347e-01
   2.1960800e-01   5.6078400e-01   1.5294100e-01
   2.2176102e-01   5.6293702e-01   1.5294100e-01
   2.2391404e-01   5.6509004e-01   1.5294100e-01
   2.2606706e-01   5.6724306e-01   1.5294100e-01
   2.2822008e-01   5.6939608e-01   1.5294100e-01
   2.3037310e-01   5.7154910e-01   1.5294100e-01
   2.3252612e-01   5.7370212e-01   1.5294100e-01
   2.3467914e-01   5.7585514e-01   1.5294100e-01
   2.3683216e-01   5.7800816e-01   1.5294100e-01
   2.3898518e-01   5.8016118e-01   1.5294100e-01
   2.4113820e-01   5.8231420e-01   1.5294100e-01
   2.4329122e-01   5.8446722e-01   1.5294100e-01
   2.4544424e-01   5.8662024e-01   1.5294100e-01
   2.4798173e-01   5.8885016e-01   1.5332547e-01
   2.5167263e-01   5.9131078e-01   1.5486335e-01
   2.5536353e-01   5.9377141e-01   1.5640124e-01
   2.5905443e-01   5.9623204e-01   1.5793912e-01
   2.6274533e-01   5.9869267e-01   1.5947700e-01
   2.6643624e-01   6.0115329e-01   1.6101488e-01
   2.7012714e-01   6.0361392e-01   1.6255276e-01
   2.7381804e-01   6.0607455e-01   1.6409065e-01
   2.7750894e-01   6.0853518e-01   1.6562853e-01
   2.8119984e-01   6.1099580e-01   1.6716641e-01
   2.8489075e-01   6.1345643e-01   1.6870429e-01
   2.8858165e-01   6.1591706e-01   1.7024218e-01
   2.9227255e-01   6.1837769e-01   1.7178006e-01
   2.9627102e-01   6.2083827e-01   1.7393308e-01
   3.0057706e-01   6.2329882e-01   1.7670124e-01
   3.0488310e-01   6.2575937e-01   1.7946939e-01
   3.0918914e-01   6.2821992e-01   1.8223755e-01
   3.1349518e-01   6.3068047e-01   1.8500571e-01
   3.1780122e-01   6.3314102e-01   1.8777386e-01
   3.2210725e-01   6.3560157e-01   1.9054202e-01
   3.2641329e-01   6.3806212e-01   1.9331018e-01
   3.3071933e-01   6.4052267e-01   1.9607833e-01
   3.3502537e-01   6.4298322e-01   1.9884649e-01
   3.3933141e-01   6.4544376e-01   2.0161465e-01
   3.4363745e-01   6.4790431e-01   2.0438280e-01
   3.4794349e-01   6.5036486e-01   2.0715096e-01
   3.5271088e-01   6.5328682e-01   2.1014982e-01
   3.5763206e-01   6.5636259e-01   2.1322559e-01
   3.6255324e-01   6.5943835e-01   2.1630135e-01
   3.6747441e-01   6.6251412e-01   2.1937712e-01
   3.7239559e-01   6.6558988e-01   2.2245288e-01
   3.7731676e-01   6.6866565e-01   2.2552865e-01
   3.8223794e-01   6.7174141e-01   2.2860441e-01
   3.8715912e-01   6.7481718e-01   2.3168018e-01
   3.9208029e-01   6.7789294e-01   2.3475594e-01
   3.9700147e-01   6.8096871e-01   2.3783171e-01
   4.0192265e-01   6.8404447e-01   2.4090747e-01
   4.0684382e-01   6.8712024e-01   2.4398324e-01
   4.1176500e-01   6.9019600e-01   2.4705900e-01
   4.1668618e-01   6.9419443e-01   2.5074990e-01
   4.2160735e-01   6.9819286e-01   2.5444080e-01
   4.2652853e-01   7.0219129e-01   2.5813171e-01
   4.3144971e-01   7.0618973e-01   2.6182261e-01
   4.3637088e-01   7.1018816e-01   2.6551351e-01
   4.4129206e-01   7.1418659e-01   2.6920441e-01
   4.4621324e-01   7.1818502e-01   2.7289531e-01
   4.5113441e-01   7.2218345e-01   2.7658622e-01
   4.5605559e-01   7.2618188e-01   2.8027712e-01
   4.6097676e-01   7.3018031e-01   2.8396802e-01
   4.6589794e-01   7.3417875e-01   2.8765892e-01
   4.7081912e-01   7.3817718e-01   2.9134982e-01
   4.7574029e-01   7.4209873e-01   2.9488692e-01
   4.8066147e-01   7.4578963e-01   2.9796261e-01
   4.8558265e-01   7.4948053e-01   3.0103829e-01
   4.9050382e-01   7.5317143e-01   3.0411398e-01
   4.9542500e-01   7.5686233e-01   3.0718967e-01
   5.0034618e-01   7.6055324e-01   3.1026535e-01
   5.0526735e-01   7.6424414e-01   3.1334104e-01
   5.1018853e-01   7.6793504e-01   3.1641673e-01
   5.1510971e-01   7.7162594e-01   3.1949241e-01
   5.2003088e-01   7.7531684e-01   3.2256810e-01
   5.2495206e-01   7.7900775e-01   3.2564378e-01
   5.2987324e-01   7.8269865e-01   3.2871947e-01
   5.3479441e-01   7.8638955e-01   3.3179516e-01
   5.4033073e-01   7.9069559e-01   3.3533225e-01
   5.4648218e-01   7.9561676e-01   3.3933076e-01
   5.5263363e-01   8.0053794e-01   3.4332927e-01
   5.5878508e-01   8.0545912e-01   3.4732778e-01
   5.6493653e-01   8.1038029e-01   3.5132629e-01
   5.7108798e-01   8.1530147e-01   3.5532480e-01
   5.7723943e-01   8.2022265e-01   3.5932331e-01
   5.8339088e-01   8.2514382e-01   3.6332182e-01
   5.8954233e-01   8.3006500e-01   3.6732033e-01
   5.9569378e-01   8.3498618e-01   3.7131884e-01
   6.0184524e-01   8.3990735e-01   3.7531735e-01
   6.0799669e-01   8.4482853e-01   3.7931586e-01
   6.1414814e-01   8.4974971e-01   3.8331437e-01
   6.2122235e-01   8.5444024e-01   3.8800488e-01
   6.2860416e-01   8.5905388e-01   3.9292606e-01
   6.3598596e-01   8.6366753e-01   3.9784724e-01
   6.4336776e-01   8.6828118e-01   4.0276841e-01
   6.5074957e-01   8.7289482e-01   4.0768959e-01
   6.5813137e-01   8.7750847e-01   4.1261076e-01
   6.6551318e-01   8.8212212e-01   4.1753194e-01
   6.7289498e-01   8.8673576e-01   4.2245312e-01
   6.8027678e-01   8.9134941e-01   4.2737429e-01
   6.8765859e-01   8.9596306e-01   4.3229547e-01
   6.9504039e-01   9.0057671e-01   4.3721665e-01
   7.0242220e-01   9.0519035e-01   4.4213782e-01
   7.0980400e-01   9.0980400e-01   4.4705900e-01
   7.1534031e-01   9.1226455e-01   4.5167257e-01
   7.2087663e-01   9.1472510e-01   4.5628614e-01
   7.2641294e-01   9.1718565e-01   4.6089971e-01
   7.3194925e-01   9.1964620e-01   4.6551327e-01
   7.3748557e-01   9.2210675e-01   4.7012684e-01
   7.4302188e-01   9.2456729e-01   4.7474041e-01
   7.4855820e-01   9.2702784e-01   4.7935398e-01
   7.5409451e-01   9.2948839e-01   4.8396755e-01
   7.5963082e-01   9.3194894e-01   4.8858112e-01
   7.6516714e-01   9.3440949e-01   4.9319469e-01
   7.7070345e-01   9.3687004e-01   4.9780825e-01
   7.7623976e-01   9.3933059e-01   5.0242182e-01
   7.8169920e-01   9.4156047e-01   5.0741988e-01
   7.8692798e-01   9.4309835e-01   5.1357141e-01
   7.9215676e-01   9.4463624e-01   5.1972294e-01
   7.9738555e-01   9.4617412e-01   5.2587447e-01
   8.0261433e-01   9.4771200e-01   5.3202600e-01
   8.0784312e-01   9.4924988e-01   5.3817753e-01
   8.1307190e-01   9.5078776e-01   5.4432906e-01
   8.1830069e-01   9.5232565e-01   5.5048059e-01
   8.2352947e-01   9.5386353e-01   5.5663212e-01
   8.2875825e-01   9.5540141e-01   5.6278365e-01
   8.3398704e-01   9.5693929e-01   5.6893518e-01
   8.3921582e-01   9.5847718e-01   5.7508671e-01
   8.4444461e-01   9.6001506e-01   5.8123824e-01
   8.4967335e-01   9.6109157e-01   5.9000412e-01
   8.5490206e-01   9.6170671e-01   6.0138435e-01
   8.6013076e-01   9.6232184e-01   6.1276459e-01
   8.6535947e-01   9.6293698e-01   6.2414482e-01
   8.7058818e-01   9.6355212e-01   6.3552506e-01
   8.7581688e-01   9.6416725e-01   6.4690529e-01
   8.8104559e-01   9.6478239e-01   6.5828553e-01
   8.8627429e-01   9.6539753e-01   6.6966576e-01
   8.9150300e-01   9.6601267e-01   6.8104600e-01
   8.9673171e-01   9.6662780e-01   6.9242624e-01
   9.0196041e-01   9.6724294e-01   7.0380647e-01
   9.0718912e-01   9.6785808e-01   7.1518671e-01
   9.1241782e-01   9.6847322e-01   7.2656694e-01
   9.1833863e-01   9.6978043e-01   7.4248386e-01
   9.2449013e-01   9.7131834e-01   7.5991301e-01
   9.3064163e-01   9.7285625e-01   7.7734216e-01
   9.3679314e-01   9.7439416e-01   7.9477131e-01
   9.4294464e-01   9.7593207e-01   8.1220046e-01
   9.4909614e-01   9.7746997e-01   8.2962961e-01
   9.5524765e-01   9.7900788e-01   8.4705876e-01
   9.6147604e-01   9.8077647e-01   8.6466733e-01
   9.6839643e-01   9.8462118e-01   8.8389067e-01
   9.7531682e-01   9.8846588e-01   9.0311400e-01
   9.8223722e-01   9.9231059e-01   9.2233733e-01
   9.8915761e-01   9.9615529e-01   9.4156067e-01
   9.9607800e-01   1.0000000e+00   9.6078400e-01
