   9.2941200e-01   9.8039200e-01   9.4509800e-01
   9.0557494e-01   9.7424063e-01   9.2741251e-01
   8.8173788e-01   9.6808925e-01   9.0972702e-01
   8.5790082e-01   9.6193788e-01   8.9204153e-01
   8.3406376e-01   9.5578651e-01   8.7435604e-01
   8.1022671e-01   9.4963514e-01   8.5667055e-01
   7.9492488e-01   9.4579047e-01   8.4936565e-01
   7.8057142e-01   9.4220210e-01   8.4321414e-01
   7.6621795e-01   9.3861374e-01   8.3706264e-01
   7.5186449e-01   9.3502537e-01   8.3091114e-01
   7.3751103e-01   9.3143701e-01   8.2475963e-01
   7.2315756e-01   9.2784864e-01   8.1860813e-01
   7.0880410e-01   9.2426027e-01   8.1245663e-01
   6.9611667e-01   9.2072316e-01   8.0676649e-01
   6.8842733e-01   9.1733978e-01   8.0246045e-01
   6.8073800e-01   9.1395641e-01   7.9815441e-01
   6.7304867e-01   9.1057304e-01   7.9384837e-01
   6.6535933e-01   9.0718967e-01   7.8954233e-01
   6.5767000e-01   9.0380629e-01   7.8523629e-01
   6.4998067e-01   9.0042292e-01   7.8093025e-01
   6.4229133e-01   8.9703955e-01   7.7662422e-01
   6.3460200e-01   8.9365618e-01   7.7231818e-01
   6.2691267e-01   8.9027280e-01   7.6801214e-01
   6.1922333e-01   8.8688943e-01   7.6370610e-01
   6.1153400e-01   8.8350606e-01   7.5940006e-01
   6.0384467e-01   8.8012269e-01   7.5509402e-01
   5.9554020e-01   8.7689316e-01   7.4940390e-01
   5.8662059e-01   8.7381747e-01   7.4232971e-01
   5.7770098e-01   8.7074178e-01   7.3525551e-01
   5.6878137e-01   8.6766610e-01   7.2818131e-01
   5.5986176e-01   8.6459041e-01   7.2110712e-01
   5.5094216e-01   8.6151473e-01   7.1403292e-01
   5.4202255e-01   8.5843904e-01   7.0695873e-01
   5.3310294e-01   8.5536335e-01   6.9988453e-01
   5.2418333e-01   8.5228767e-01   6.9281033e-01
   5.1526373e-01   8.4921198e-01   6.8573614e-01
   5.0634412e-01   8.4613629e-01   6.7866194e-01
   4.9742451e-01   8.4306061e-01   6.7158775e-01
   4.8850490e-01   8.3998492e-01   6.6451355e-01
   4.8189206e-01   8.3575576e-01   6.5697800e-01
   4.7604814e-01   8.3114212e-01   6.4928867e-01
   4.7020422e-01   8.2652847e-01   6.4159933e-01
   4.6436029e-01   8.2191482e-01   6.3391000e-01
   4.5851637e-01   8.1730118e-01   6.2622067e-01
   4.5267245e-01   8.1268753e-01   6.1853133e-01
   4.4682853e-01   8.0807388e-01   6.1084200e-01
   4.4098461e-01   8.0346024e-01   6.0315267e-01
   4.3514069e-01   7.9884659e-01   5.9546333e-01
   4.2929676e-01   7.9423294e-01   5.8777400e-01
   4.2345284e-01   7.8961929e-01   5.8008467e-01
   4.1760892e-01   7.8500565e-01   5.7239533e-01
   4.1176500e-01   7.8039200e-01   5.6470600e-01
   4.0838163e-01   7.7731624e-01   5.5824694e-01
   4.0499825e-01   7.7424047e-01   5.5178788e-01
   4.0161488e-01   7.7116471e-01   5.4532882e-01
   3.9823151e-01   7.6808894e-01   5.3886976e-01
   3.9484814e-01   7.6501318e-01   5.3241071e-01
   3.9146476e-01   7.6193741e-01   5.2595165e-01
   3.8808139e-01   7.5886165e-01   5.1949259e-01
   3.8469802e-01   7.5578588e-01   5.1303353e-01
   3.8131465e-01   7.5271012e-01   5.0657447e-01
   3.7793127e-01   7.4963435e-01   5.0011541e-01
   3.7454790e-01   7.4655859e-01   4.9365635e-01
   3.7116453e-01   7.4348282e-01   4.8719729e-01
   3.6785808e-01   7.4017639e-01   4.8058445e-01
   3.6478239e-01   7.3617796e-01   4.7351025e-01
   3.6170671e-01   7.3217953e-01   4.6643606e-01
   3.5863102e-01   7.2818110e-01   4.5936186e-01
   3.5555533e-01   7.2418267e-01   4.5228767e-01
   3.5247965e-01   7.2018424e-01   4.4521347e-01
   3.4940396e-01   7.1618580e-01   4.3813927e-01
   3.4632827e-01   7.1218737e-01   4.3106508e-01
   3.4325259e-01   7.0818894e-01   4.2399088e-01
   3.4017690e-01   7.0419051e-01   4.1691669e-01
   3.3710122e-01   7.0019208e-01   4.0984249e-01
   3.3402553e-01   6.9619365e-01   4.0276829e-01
   3.3094984e-01   6.9219522e-01   3.9569410e-01
   3.2879682e-01   6.8896573e-01   3.8861990e-01
   3.2756647e-01   6.8650518e-01   3.8154571e-01
   3.2633612e-01   6.8404463e-01   3.7447151e-01
   3.2510576e-01   6.8158408e-01   3.6739731e-01
   3.2387541e-01   6.7912353e-01   3.6032312e-01
   3.2264506e-01   6.7666298e-01   3.5324892e-01
   3.2141471e-01   6.7420243e-01   3.4617473e-01
   3.2018435e-01   6.7174188e-01   3.3910053e-01
   3.1895400e-01   6.6928133e-01   3.3202633e-01
   3.1772365e-01   6.6682078e-01   3.2495214e-01
   3.1649329e-01   6.6436024e-01   3.1787794e-01
   3.1526294e-01   6.6189969e-01   3.1080375e-01
   3.1403259e-01   6.5943914e-01   3.0372955e-01
   3.1372500e-01   6.5720924e-01   2.9965418e-01
   3.1372500e-01   6.5505622e-01   2.9657841e-01
   3.1372500e-01   6.5290320e-01   2.9350265e-01
   3.1372500e-01   6.5075018e-01   2.9042688e-01
   3.1372500e-01   6.4859716e-01   2.8735112e-01
   3.1372500e-01   6.4644414e-01   2.8427535e-01
   3.1372500e-01   6.4429112e-01   2.8119959e-01
   3.1372500e-01   6.4213810e-01   2.7812382e-01
   3.1372500e-01   6.3998508e-01   2.7504806e-01
   3.1372500e-01   6.3783206e-01   2.7197229e-01
   3.1372500e-01   6.3567904e-01   2.6889653e-01
   3.1372500e-01   6.3352602e-01   2.6582076e-01
   3.1372500e-01   6.3137300e-01   2.6274500e-01
   3.0972657e-01   6.2737449e-01   2.5751622e-01
   3.0572814e-01   6.2337598e-01   2.5228743e-01
   3.0172971e-01   6.1937747e-01   2.4705865e-01
   2.9773127e-01   6.1537896e-01   2.4182986e-01
   2.9373284e-01   6.1138045e-01   2.3660108e-01
   2.8973441e-01   6.0738194e-01   2.3137229e-01
   2.8573598e-01   6.0338343e-01   2.2614351e-01
   2.8173755e-01   5.9938492e-01   2.2091473e-01
   2.7773912e-01   5.9538641e-01   2.1568594e-01
   2.7374069e-01   5.9138790e-01   2.1045716e-01
   2.6974225e-01   5.8738939e-01   2.0522837e-01
   2.6574382e-01   5.8339088e-01   1.9999959e-01
   2.6174539e-01   5.7977686e-01   1.9546286e-01
   2.5774696e-01   5.7731631e-01   1.9300231e-01
   2.5374853e-01   5.7485576e-01   1.9054176e-01
   2.4975010e-01   5.7239522e-01   1.8808122e-01
   2.4575167e-01   5.6993467e-01   1.8562067e-01
   2.4175324e-01   5.6747412e-01   1.8316012e-01
   2.3775480e-01   5.6501357e-01   1.8069957e-01
   2.3375637e-01   5.6255302e-01   1.7823902e-01
   2.2975794e-01   5.6009247e-01   1.7577847e-01
   2.2575951e-01   5.5763192e-01   1.7331792e-01
   2.2176108e-01   5.5517137e-01   1.7085737e-01
   2.1776265e-01   5.5271082e-01   1.6839682e-01
   2.1376422e-01   5.5025027e-01   1.6593627e-01
   2.0961198e-01   5.4794349e-01   1.6393706e-01
   2.0530594e-01   5.4579047e-01   1.6239918e-01
   2.0099990e-01   5.4363745e-01   1.6086129e-01
   1.9669386e-01   5.4148443e-01   1.5932341e-01
   1.9238782e-01   5.3933141e-01   1.5778553e-01
   1.8808178e-01   5.3717839e-01   1.5624765e-01
   1.8377575e-01   5.3502537e-01   1.5470976e-01
   1.7946971e-01   5.3287235e-01   1.5317188e-01
   1.7516367e-01   5.3071933e-01   1.5163400e-01
   1.7085763e-01   5.2856631e-01   1.5009612e-01
   1.6655159e-01   5.2641329e-01   1.4855824e-01
   1.6224555e-01   5.2426027e-01   1.4702035e-01
   1.5793951e-01   5.2210725e-01   1.4548247e-01
   1.5524824e-01   5.2041559e-01   1.4648206e-01
   1.5309522e-01   5.1887771e-01   1.4832747e-01
   1.5094220e-01   5.1733982e-01   1.5017288e-01
   1.4878918e-01   5.1580194e-01   1.5201829e-01
   1.4663616e-01   5.1426406e-01   1.5386371e-01
   1.4448314e-01   5.1272618e-01   1.5570912e-01
   1.4233012e-01   5.1118829e-01   1.5755453e-01
   1.4017710e-01   5.0965041e-01   1.5939994e-01
   1.3802408e-01   5.0811253e-01   1.6124535e-01
   1.3587106e-01   5.0657465e-01   1.6309076e-01
   1.3371804e-01   5.0503676e-01   1.6493618e-01
   1.3156502e-01   5.0349888e-01   1.6678159e-01
   1.2941200e-01   5.0196100e-01   1.6862700e-01
   1.2848925e-01   4.9950037e-01   1.7016488e-01
   1.2756651e-01   4.9703975e-01   1.7170276e-01
   1.2664376e-01   4.9457912e-01   1.7324065e-01
   1.2572102e-01   4.9211849e-01   1.7477853e-01
   1.2479827e-01   4.8965786e-01   1.7631641e-01
   1.2387553e-01   4.8719724e-01   1.7785429e-01
   1.2295278e-01   4.8473661e-01   1.7939218e-01
   1.2203004e-01   4.8227598e-01   1.8093006e-01
   1.2110729e-01   4.7981535e-01   1.8246794e-01
   1.2018455e-01   4.7735473e-01   1.8400582e-01
   1.1926180e-01   4.7489410e-01   1.8554371e-01
   1.1833906e-01   4.7243347e-01   1.8708159e-01
   1.1733943e-01   4.6981908e-01   1.8831190e-01
   1.1610916e-01   4.6674339e-01   1.8861951e-01
   1.1487888e-01   4.6366771e-01   1.8892712e-01
   1.1364861e-01   4.6059202e-01   1.8923473e-01
   1.1241833e-01   4.5751633e-01   1.8954233e-01
   1.1118806e-01   4.5444065e-01   1.8984994e-01
   1.0995778e-01   4.5136496e-01   1.9015755e-01
   1.0872751e-01   4.4828927e-01   1.9046516e-01
   1.0749724e-01   4.4521359e-01   1.9077276e-01
   1.0626696e-01   4.4213790e-01   1.9108037e-01
   1.0503669e-01   4.3906222e-01   1.9138798e-01
   1.0380641e-01   4.3598653e-01   1.9169559e-01
   1.0257614e-01   4.3291084e-01   1.9200320e-01
   1.0119206e-01   4.2937375e-01   1.9215700e-01
   9.9654176e-02   4.2537524e-01   1.9215700e-01
   9.8116294e-02   4.2137673e-01   1.9215700e-01
   9.6578412e-02   4.1737822e-01   1.9215700e-01
   9.5040529e-02   4.1337971e-01   1.9215700e-01
   9.3502647e-02   4.0938120e-01   1.9215700e-01
   9.1964765e-02   4.0538269e-01   1.9215700e-01
   9.0426882e-02   4.0138418e-01   1.9215700e-01
   8.8889000e-02   3.9738567e-01   1.9215700e-01
   8.7351118e-02   3.9338716e-01   1.9215700e-01
   8.5813235e-02   3.8938865e-01   1.9215700e-01
   8.4275353e-02   3.8539014e-01   1.9215700e-01
   8.2737471e-02   3.8139163e-01   1.9215700e-01
   8.1660941e-02   3.7808518e-01   1.9377176e-01
   8.0738196e-02   3.7500941e-01   1.9592478e-01
   7.9815451e-02   3.7193365e-01   1.9807780e-01
   7.8892706e-02   3.6885788e-01   2.0023082e-01
   7.7969961e-02   3.6578212e-01   2.0238384e-01
   7.7047216e-02   3.6270635e-01   2.0453686e-01
   7.6124471e-02   3.5963059e-01   2.0668988e-01
   7.5201725e-02   3.5655482e-01   2.0884290e-01
   7.4278980e-02   3.5347906e-01   2.1099592e-01
   7.3356235e-02   3.5040329e-01   2.1314894e-01
   7.2433490e-02   3.4732753e-01   2.1530196e-01
   7.1510745e-02   3.4425176e-01   2.1745498e-01
   7.0588000e-02   3.4117600e-01   2.1960800e-01
   6.9665333e-02   3.3810031e-01   2.2268376e-01
   6.8742667e-02   3.3502463e-01   2.2575953e-01
   6.7820000e-02   3.3194894e-01   2.2883529e-01
   6.6897333e-02   3.2887325e-01   2.3191106e-01
   6.5974667e-02   3.2579757e-01   2.3498682e-01
   6.5052000e-02   3.2272188e-01   2.3806259e-01
   6.4129333e-02   3.1964620e-01   2.4113835e-01
   6.3206667e-02   3.1657051e-01   2.4421412e-01
   6.2284000e-02   3.1349482e-01   2.4728988e-01
   6.1361333e-02   3.1041914e-01   2.5036565e-01
   6.0438667e-02   3.0734345e-01   2.5344141e-01
   5.9516000e-02   3.0426776e-01   2.5651718e-01
   5.8593314e-02   3.0134584e-01   2.5905467e-01
   5.7670569e-02   2.9888522e-01   2.5997733e-01
   5.6747824e-02   2.9642459e-01   2.6090000e-01
   5.5825078e-02   2.9396396e-01   2.6182267e-01
   5.4902333e-02   2.9150333e-01   2.6274533e-01
   5.3979588e-02   2.8904271e-01   2.6366800e-01
   5.3056843e-02   2.8658208e-01   2.6459067e-01
   5.2134098e-02   2.8412145e-01   2.6551333e-01
   5.1211353e-02   2.8166082e-01   2.6643600e-01
   5.0288608e-02   2.7920020e-01   2.6735867e-01
   4.9365863e-02   2.7673957e-01   2.6828133e-01
   4.8443118e-02   2.7427894e-01   2.6920400e-01
   4.7520373e-02   2.7181831e-01   2.7012667e-01
   4.6751431e-02   2.6874255e-01   2.6935773e-01
   4.6136294e-02   2.6505165e-01   2.6689718e-01
   4.5521157e-02   2.6136075e-01   2.6443663e-01
   4.4906020e-02   2.5766984e-01   2.6197608e-01
   4.4290882e-02   2.5397894e-01   2.5951553e-01
   4.3675745e-02   2.5028804e-01   2.5705498e-01
   4.3060608e-02   2.4659714e-01   2.5459443e-01
   4.2445471e-02   2.4290624e-01   2.5213388e-01
   4.1830333e-02   2.3921533e-01   2.4967333e-01
   4.1215196e-02   2.3552443e-01   2.4721278e-01
   4.0600059e-02   2.3183353e-01   2.4475224e-01
   3.9984922e-02   2.2814263e-01   2.4229169e-01
   3.9369784e-02   2.2445173e-01   2.3983114e-01
   3.8831490e-02   2.1853096e-01   2.3537129e-01
   3.8318810e-02   2.1186691e-01   2.3024502e-01
   3.7806131e-02   2.0520286e-01   2.2511875e-01
   3.7293451e-02   1.9853880e-01   2.1999247e-01
   3.6780771e-02   1.9187475e-01   2.1486620e-01
   3.6268092e-02   1.8521070e-01   2.0973992e-01
   3.5755412e-02   1.7854665e-01   2.0461365e-01
   3.5217118e-02   1.7162627e-01   1.9900039e-01
   3.4448294e-02   1.6239902e-01   1.8900431e-01
   3.3679471e-02   1.5317176e-01   1.7900824e-01
   3.2910647e-02   1.4394451e-01   1.6901216e-01
   3.2141824e-02   1.3471725e-01   1.5901608e-01
   3.1373000e-02   1.2549000e-01   1.4902000e-01
