   9.1764700e-01   1.0000000e+00   9.0196100e-01
   9.0949629e-01   9.9800078e-01   8.9381029e-01
   9.0134559e-01   9.9600157e-01   8.8565959e-01
   8.9319488e-01   9.9400235e-01   8.7750888e-01
   8.8504418e-01   9.9200314e-01   8.6935818e-01
   8.7689347e-01   9.9000392e-01   8.6120747e-01
   8.6874276e-01   9.8800471e-01   8.5305676e-01
   8.6059206e-01   9.8600549e-01   8.4490606e-01
   8.5244135e-01   9.8400627e-01   8.3675535e-01
   8.4429065e-01   9.8200706e-01   8.2860465e-01
   8.3613994e-01   9.8000784e-01   8.2045394e-01
   8.2798924e-01   9.7800863e-01   8.1230324e-01
   8.1983853e-01   9.7600941e-01   8.0415253e-01
   8.1168782e-01   9.7401020e-01   7.9600182e-01
   8.0353712e-01   9.7201098e-01   7.8785112e-01
   7.9538641e-01   9.7001176e-01   7.7970041e-01
   7.8723571e-01   9.6801255e-01   7.7154971e-01
   7.7908500e-01   9.6601333e-01   7.6339900e-01
   7.7093429e-01   9.6401412e-01   7.5524829e-01
   7.6278359e-01   9.6201490e-01   7.4709759e-01
   7.5463288e-01   9.6001569e-01   7.3894688e-01
   7.4648218e-01   9.5801647e-01   7.3079618e-01
   7.3833147e-01   9.5601725e-01   7.2264547e-01
   7.3018076e-01   9.5401804e-01   7.1449476e-01
   7.2203006e-01   9.5201882e-01   7.0634406e-01
   7.1387935e-01   9.5001961e-01   6.9819335e-01
   7.0680516e-01   9.4809727e-01   6.9158051e-01
   7.0080747e-01   9.4625182e-01   6.8650553e-01
   6.9480978e-01   9.4440637e-01   6.8143055e-01
   6.8881210e-01   9.4256092e-01   6.7635557e-01
   6.8281441e-01   9.4071547e-01   6.7128059e-01
   6.7681673e-01   9.3887002e-01   6.6620561e-01
   6.7081904e-01   9.3702457e-01   6.6113063e-01
   6.6482135e-01   9.3517912e-01   6.5605565e-01
   6.5882367e-01   9.3333367e-01   6.5098067e-01
   6.5282598e-01   9.3148822e-01   6.4590569e-01
   6.4682829e-01   9.2964276e-01   6.4083071e-01
   6.4083061e-01   9.2779731e-01   6.3575573e-01
   6.3483292e-01   9.2595186e-01   6.3068075e-01
   6.2883524e-01   9.2410641e-01   6.2560576e-01
   6.2283755e-01   9.2226096e-01   6.2053078e-01
   6.1683986e-01   9.2041551e-01   6.1545580e-01
   6.1084218e-01   9.1857006e-01   6.1038082e-01
   6.0484449e-01   9.1672461e-01   6.0530584e-01
   5.9884680e-01   9.1487916e-01   6.0023086e-01
   5.9284912e-01   9.1303371e-01   5.9515588e-01
   5.8685143e-01   9.1118825e-01   5.9008090e-01
   5.8085375e-01   9.0934280e-01   5.8500592e-01
   5.7485606e-01   9.0749735e-01   5.7993094e-01
   5.6885837e-01   9.0565190e-01   5.7485596e-01
   5.6286069e-01   9.0380645e-01   5.6978098e-01
   5.5686300e-01   9.0196100e-01   5.6470600e-01
   5.5148045e-01   8.9950041e-01   5.6039996e-01
   5.4609790e-01   8.9703982e-01   5.5609392e-01
   5.4071535e-01   8.9457924e-01   5.5178788e-01
   5.3533280e-01   8.9211865e-01   5.4748184e-01
   5.2995025e-01   8.8965806e-01   5.4317580e-01
   5.2456771e-01   8.8719747e-01   5.3886976e-01
   5.1918516e-01   8.8473688e-01   5.3456373e-01
   5.1380261e-01   8.8227629e-01   5.3025769e-01
   5.0842006e-01   8.7981571e-01   5.2595165e-01
   5.0303751e-01   8.7735512e-01   5.2164561e-01
   4.9765496e-01   8.7489453e-01   5.1733957e-01
   4.9227241e-01   8.7243394e-01   5.1303353e-01
   4.8688986e-01   8.6997335e-01   5.0872749e-01
   4.8150731e-01   8.6751276e-01   5.0442145e-01
   4.7612476e-01   8.6505218e-01   5.0011541e-01
   4.7074222e-01   8.6259159e-01   4.9580937e-01
   4.6535967e-01   8.6013100e-01   4.9150333e-01
   4.5997712e-01   8.5767041e-01   4.8719729e-01
   4.5459457e-01   8.5520982e-01   4.8289125e-01
   4.4921202e-01   8.5274924e-01   4.7858522e-01
   4.4382947e-01   8.5028865e-01   4.7427918e-01
   4.3844692e-01   8.4782806e-01   4.6997314e-01
   4.3306437e-01   8.4536747e-01   4.6566710e-01
   4.2768182e-01   8.4290688e-01   4.6136106e-01
   4.2229927e-01   8.4044629e-01   4.5705502e-01
   4.1737808e-01   8.3767812e-01   4.5328724e-01
   4.1291824e-01   8.3460235e-01   4.5005771e-01
   4.0845839e-01   8.3152659e-01   4.4682818e-01
   4.0399855e-01   8.2845082e-01   4.4359865e-01
   3.9953871e-01   8.2537506e-01   4.4036912e-01
   3.9507886e-01   8.2229929e-01   4.3713959e-01
   3.9061902e-01   8.1922353e-01   4.3391006e-01
   3.8615918e-01   8.1614776e-01   4.3068053e-01
   3.8169933e-01   8.1307200e-01   4.2745100e-01
   3.7723949e-01   8.0999624e-01   4.2422147e-01
   3.7277965e-01   8.0692047e-01   4.2099194e-01
   3.6831980e-01   8.0384471e-01   4.1776241e-01
   3.6385996e-01   8.0076894e-01   4.1453288e-01
   3.5940012e-01   7.9769318e-01   4.1130335e-01
   3.5494027e-01   7.9461741e-01   4.0807382e-01
   3.5048043e-01   7.9154165e-01   4.0484429e-01
   3.4602059e-01   7.8846588e-01   4.0161476e-01
   3.4156075e-01   7.8539012e-01   3.9838524e-01
   3.3710090e-01   7.8231435e-01   3.9515571e-01
   3.3264106e-01   7.7923859e-01   3.9192618e-01
   3.2818122e-01   7.7616282e-01   3.8869665e-01
   3.2372137e-01   7.7308706e-01   3.8546712e-01
   3.1926153e-01   7.7001129e-01   3.8223759e-01
   3.1480169e-01   7.6693553e-01   3.7900806e-01
   3.1034184e-01   7.6385976e-01   3.7577853e-01
   3.0588200e-01   7.6078400e-01   3.7254900e-01
   3.0219114e-01   7.5847722e-01   3.7008841e-01
   2.9850027e-01   7.5617043e-01   3.6762782e-01
   2.9480941e-01   7.5386365e-01   3.6516724e-01
   2.9111855e-01   7.5155686e-01   3.6270665e-01
   2.8742769e-01   7.4925008e-01   3.6024606e-01
   2.8373682e-01   7.4694329e-01   3.5778547e-01
   2.8004596e-01   7.4463651e-01   3.5532488e-01
   2.7635510e-01   7.4232973e-01   3.5286429e-01
   2.7266424e-01   7.4002294e-01   3.5040371e-01
   2.6897337e-01   7.3771616e-01   3.4794312e-01
   2.6528251e-01   7.3540937e-01   3.4548253e-01
   2.6159165e-01   7.3310259e-01   3.4302194e-01
   2.5790078e-01   7.3079580e-01   3.4056135e-01
   2.5420992e-01   7.2848902e-01   3.3810076e-01
   2.5051906e-01   7.2618224e-01   3.3564018e-01
   2.4682820e-01   7.2387545e-01   3.3317959e-01
   2.4313733e-01   7.2156867e-01   3.3071900e-01
   2.3944647e-01   7.1926188e-01   3.2825841e-01
   2.3575561e-01   7.1695510e-01   3.2579782e-01
   2.3206475e-01   7.1464831e-01   3.2333724e-01
   2.2837388e-01   7.1234153e-01   3.2087665e-01
   2.2468302e-01   7.1003475e-01   3.1841606e-01
   2.2099216e-01   7.0772796e-01   3.1595547e-01
   2.1730129e-01   7.0542118e-01   3.1349488e-01
   2.1361043e-01   7.0311439e-01   3.1103429e-01
   2.1007333e-01   7.0034624e-01   3.0857371e-01
   2.0669000e-01   6.9711671e-01   3.0611312e-01
   2.0330667e-01   6.9388718e-01   3.0365253e-01
   1.9992333e-01   6.9065765e-01   3.0119194e-01
   1.9654000e-01   6.8742812e-01   2.9873135e-01
   1.9315667e-01   6.8419859e-01   2.9627076e-01
   1.8977333e-01   6.8096906e-01   2.9381018e-01
   1.8639000e-01   6.7773953e-01   2.9134959e-01
   1.8300667e-01   6.7451000e-01   2.8888900e-01
   1.7962333e-01   6.7128047e-01   2.8642841e-01
   1.7624000e-01   6.6805094e-01   2.8396782e-01
   1.7285667e-01   6.6482141e-01   2.8150724e-01
   1.6947333e-01   6.6159188e-01   2.7904665e-01
   1.6609000e-01   6.5836235e-01   2.7658606e-01
   1.6270667e-01   6.5513282e-01   2.7412547e-01
   1.5932333e-01   6.5190329e-01   2.7166488e-01
   1.5594000e-01   6.4867376e-01   2.6920429e-01
   1.5255667e-01   6.4544424e-01   2.6674371e-01
   1.4917333e-01   6.4221471e-01   2.6428312e-01
   1.4579000e-01   6.3898518e-01   2.6182253e-01
   1.4240667e-01   6.3575565e-01   2.5936194e-01
   1.3902333e-01   6.3252612e-01   2.5690135e-01
   1.3564000e-01   6.2929659e-01   2.5444076e-01
   1.3225667e-01   6.2606706e-01   2.5198018e-01
   1.2887333e-01   6.2283753e-01   2.4951959e-01
   1.2549000e-01   6.1960800e-01   2.4705900e-01
   1.2318322e-01   6.1683984e-01   2.4629006e-01
   1.2087643e-01   6.1407169e-01   2.4552112e-01
   1.1856965e-01   6.1130353e-01   2.4475218e-01
   1.1626286e-01   6.0853537e-01   2.4398324e-01
   1.1395608e-01   6.0576722e-01   2.4321429e-01
   1.1164929e-01   6.0299906e-01   2.4244535e-01
   1.0934251e-01   6.0023090e-01   2.4167641e-01
   1.0703573e-01   5.9746275e-01   2.4090747e-01
   1.0472894e-01   5.9469459e-01   2.4013853e-01
   1.0242216e-01   5.9192643e-01   2.3936959e-01
   1.0011537e-01   5.8915827e-01   2.3860065e-01
   9.7808588e-02   5.8639012e-01   2.3783171e-01
   9.5501804e-02   5.8362196e-01   2.3706276e-01
   9.3195020e-02   5.8085380e-01   2.3629382e-01
   9.0888235e-02   5.7808565e-01   2.3552488e-01
   8.8581451e-02   5.7531749e-01   2.3475594e-01
   8.6274667e-02   5.7254933e-01   2.3398700e-01
   8.3967882e-02   5.6978118e-01   2.3321806e-01
   8.1661098e-02   5.6701302e-01   2.3244912e-01
   7.9354314e-02   5.6424486e-01   2.3168018e-01
   7.7047529e-02   5.6147671e-01   2.3091124e-01
   7.4740745e-02   5.5870855e-01   2.3014229e-01
   7.2433961e-02   5.5594039e-01   2.2937335e-01
   7.0127176e-02   5.5317224e-01   2.2860441e-01
   6.7820392e-02   5.5040408e-01   2.2783547e-01
   6.6128745e-02   5.4763590e-01   2.2737410e-01
   6.5052235e-02   5.4486771e-01   2.2722029e-01
   6.3975725e-02   5.4209951e-01   2.2706649e-01
   6.2899216e-02   5.3933131e-01   2.2691269e-01
   6.1822706e-02   5.3656312e-01   2.2675888e-01
   6.0746196e-02   5.3379492e-01   2.2660508e-01
   5.9669686e-02   5.3102673e-01   2.2645127e-01
   5.8593176e-02   5.2825853e-01   2.2629747e-01
   5.7516667e-02   5.2549033e-01   2.2614367e-01
   5.6440157e-02   5.2272214e-01   2.2598986e-01
   5.5363647e-02   5.1995394e-01   2.2583606e-01
   5.4287137e-02   5.1718575e-01   2.2568225e-01
   5.3210627e-02   5.1441755e-01   2.2552845e-01
   5.2134118e-02   5.1164935e-01   2.2537465e-01
   5.1057608e-02   5.0888116e-01   2.2522084e-01
   4.9981098e-02   5.0611296e-01   2.2506704e-01
   4.8904588e-02   5.0334476e-01   2.2491324e-01
   4.7828078e-02   5.0057657e-01   2.2475943e-01
   4.6751569e-02   4.9780837e-01   2.2460563e-01
   4.5675059e-02   4.9504018e-01   2.2445182e-01
   4.4598549e-02   4.9227198e-01   2.2429802e-01
   4.3522039e-02   4.8950378e-01   2.2414422e-01
   4.2445529e-02   4.8673559e-01   2.2399041e-01
   4.1369020e-02   4.8396739e-01   2.2383661e-01
   4.0292510e-02   4.8119920e-01   2.2368280e-01
   3.9216000e-02   4.7843100e-01   2.2352900e-01
   3.9216000e-02   4.7535527e-01   2.2337524e-01
   3.9216000e-02   4.7227955e-01   2.2322147e-01
   3.9216000e-02   4.6920382e-01   2.2306771e-01
   3.9216000e-02   4.6612810e-01   2.2291394e-01
   3.9216000e-02   4.6305237e-01   2.2276018e-01
   3.9216000e-02   4.5997665e-01   2.2260641e-01
   3.9216000e-02   4.5690092e-01   2.2245265e-01
   3.9216000e-02   4.5382520e-01   2.2229888e-01
   3.9216000e-02   4.5074947e-01   2.2214512e-01
   3.9216000e-02   4.4767375e-01   2.2199135e-01
   3.9216000e-02   4.4459802e-01   2.2183759e-01
   3.9216000e-02   4.4152229e-01   2.2168382e-01
   3.9216000e-02   4.3844657e-01   2.2153006e-01
   3.9216000e-02   4.3537084e-01   2.2137629e-01
   3.9216000e-02   4.3229512e-01   2.2122253e-01
   3.9216000e-02   4.2921939e-01   2.2106876e-01
   3.9216000e-02   4.2614367e-01   2.2091500e-01
   3.9216000e-02   4.2306794e-01   2.2076124e-01
   3.9216000e-02   4.1999222e-01   2.2060747e-01
   3.9216000e-02   4.1691649e-01   2.2045371e-01
   3.9216000e-02   4.1384076e-01   2.2029994e-01
   3.9216000e-02   4.1076504e-01   2.2014618e-01
   3.9216000e-02   4.0768931e-01   2.1999241e-01
   3.9216000e-02   4.0461359e-01   2.1983865e-01
   3.9216000e-02   4.0153786e-01   2.1968488e-01
   3.9062216e-02   3.9807767e-01   2.1899284e-01
   3.8754647e-02   3.9423300e-01   2.1776253e-01
   3.8447078e-02   3.9038833e-01   2.1653222e-01
   3.8139510e-02   3.8654367e-01   2.1530190e-01
   3.7831941e-02   3.8269900e-01   2.1407159e-01
   3.7524373e-02   3.7885433e-01   2.1284127e-01
   3.7216804e-02   3.7500967e-01   2.1161096e-01
   3.6909235e-02   3.7116500e-01   2.1038065e-01
   3.6601667e-02   3.6732033e-01   2.0915033e-01
   3.6294098e-02   3.6347567e-01   2.0792002e-01
   3.5986529e-02   3.5963100e-01   2.0668971e-01
   3.5678961e-02   3.5578633e-01   2.0545939e-01
   3.5371392e-02   3.5194167e-01   2.0422908e-01
   3.5063824e-02   3.4809700e-01   2.0299876e-01
   3.4756255e-02   3.4425233e-01   2.0176845e-01
   3.4448686e-02   3.4040767e-01   2.0053814e-01
   3.4141118e-02   3.3656300e-01   1.9930782e-01
   3.3833549e-02   3.3271833e-01   1.9807751e-01
   3.3525980e-02   3.2887367e-01   1.9684720e-01
   3.3218412e-02   3.2502900e-01   1.9561688e-01
   3.2910843e-02   3.2118433e-01   1.9438657e-01
   3.2603275e-02   3.1733967e-01   1.9315625e-01
   3.2295706e-02   3.1349500e-01   1.9192594e-01
   3.1988137e-02   3.0965033e-01   1.9069563e-01
   3.1680569e-02   3.0580567e-01   1.8946531e-01
   3.1373000e-02   3.0196100e-01   1.8823500e-01
