   9.0980400e-01   9.8039200e-01   8.3137300e-01
   9.0519035e-01   9.7793145e-01   8.2429873e-01
   9.0057671e-01   9.7547090e-01   8.1722445e-01
   8.9596306e-01   9.7301035e-01   8.1015018e-01
   8.9134941e-01   9.7054980e-01   8.0307590e-01
   8.8673576e-01   9.6808925e-01   7.9600163e-01
   8.8212212e-01   9.6562871e-01   7.8892735e-01
   8.7750847e-01   9.6316816e-01   7.8185308e-01
   8.7289482e-01   9.6070761e-01   7.7477880e-01
   8.6828118e-01   9.5824706e-01   7.6770453e-01
   8.6366753e-01   9.5578651e-01   7.6063025e-01
   8.5905388e-01   9.5332596e-01   7.5355598e-01
   8.5444024e-01   9.5086541e-01   7.4648171e-01
   8.4959592e-01   9.4809727e-01   7.3902300e-01
   8.4405961e-01   9.4440637e-01   7.3041100e-01
   8.3852329e-01   9.4071547e-01   7.2179900e-01
   8.3298698e-01   9.3702457e-01   7.1318700e-01
   8.2745067e-01   9.3333367e-01   7.0457500e-01
   8.2191435e-01   9.2964276e-01   6.9596300e-01
   8.1637804e-01   9.2595186e-01   6.8735100e-01
   8.1084173e-01   9.2226096e-01   6.7873900e-01
   8.0530541e-01   9.1857006e-01   6.7012700e-01
   7.9976910e-01   9.1487916e-01   6.6151500e-01
   7.9423278e-01   9.1118825e-01   6.5290300e-01
   7.8869647e-01   9.0749735e-01   6.4429100e-01
   7.8316016e-01   9.0380645e-01   6.3567900e-01
   7.7839276e-01   9.0073071e-01   6.2822035e-01
   7.7439429e-01   8.9827012e-01   6.2191506e-01
   7.7039582e-01   8.9580953e-01   6.1560976e-01
   7.6639735e-01   8.9334894e-01   6.0930447e-01
   7.6239888e-01   8.9088835e-01   6.0299918e-01
   7.5840041e-01   8.8842776e-01   5.9669388e-01
   7.5440194e-01   8.8596718e-01   5.9038859e-01
   7.5040347e-01   8.8350659e-01   5.8408329e-01
   7.4640500e-01   8.8104600e-01   5.7777800e-01
   7.4240653e-01   8.7858541e-01   5.7147271e-01
   7.3840806e-01   8.7612482e-01   5.6516741e-01
   7.3440959e-01   8.7366424e-01   5.5886212e-01
   7.3041112e-01   8.7120365e-01   5.5255682e-01
   7.2641265e-01   8.6874306e-01   5.4625153e-01
   7.2241418e-01   8.6628247e-01   5.3994624e-01
   7.1841571e-01   8.6382188e-01   5.3364094e-01
   7.1441724e-01   8.6136129e-01   5.2733565e-01
   7.1041876e-01   8.5890071e-01   5.2103035e-01
   7.0642029e-01   8.5644012e-01   5.1472506e-01
   7.0242182e-01   8.5397953e-01   5.0841976e-01
   6.9842335e-01   8.5151894e-01   5.0211447e-01
   6.9442488e-01   8.4905835e-01   4.9580918e-01
   6.9042641e-01   8.4659776e-01   4.8950388e-01
   6.8642794e-01   8.4413718e-01   4.8319859e-01
   6.8242947e-01   8.4167659e-01   4.7689329e-01
   6.7843100e-01   8.3921600e-01   4.7058800e-01
   6.7550908e-01   8.3644780e-01   4.6658953e-01
   6.7258716e-01   8.3367961e-01   4.6259106e-01
   6.6966524e-01   8.3091141e-01   4.5859259e-01
   6.6674331e-01   8.2814322e-01   4.5459412e-01
   6.6382139e-01   8.2537502e-01   4.5059565e-01
   6.6089947e-01   8.2260682e-01   4.4659718e-01
   6.5797755e-01   8.1983863e-01   4.4259871e-01
   6.5505563e-01   8.1707043e-01   4.3860024e-01
   6.5213371e-01   8.1430224e-01   4.3460176e-01
   6.4921178e-01   8.1153404e-01   4.3060329e-01
   6.4628986e-01   8.0876584e-01   4.2660482e-01
   6.4336794e-01   8.0599765e-01   4.2260635e-01
   6.4044602e-01   8.0322945e-01   4.1860788e-01
   6.3752410e-01   8.0046125e-01   4.1460941e-01
   6.3460218e-01   7.9769306e-01   4.1061094e-01
   6.3168025e-01   7.9492486e-01   4.0661247e-01
   6.2875833e-01   7.9215667e-01   4.0261400e-01
   6.2583641e-01   7.8938847e-01   3.9861553e-01
   6.2291449e-01   7.8662027e-01   3.9461706e-01
   6.1999257e-01   7.8385208e-01   3.9061859e-01
   6.1707065e-01   7.8108388e-01   3.8662012e-01
   6.1414873e-01   7.7831569e-01   3.8262165e-01
   6.1122680e-01   7.7554749e-01   3.7862318e-01
   6.0830488e-01   7.7277929e-01   3.7462471e-01
   6.0538296e-01   7.7001110e-01   3.7062624e-01
   6.0284549e-01   7.6770429e-01   3.6701225e-01
   6.0069247e-01   7.6585888e-01   3.6378276e-01
   5.9853945e-01   7.6401347e-01   3.6055327e-01
   5.9638643e-01   7.6216806e-01   3.5732378e-01
   5.9423341e-01   7.6032265e-01   3.5409429e-01
   5.9208039e-01   7.5847724e-01   3.5086480e-01
   5.8992737e-01   7.5663182e-01   3.4763531e-01
   5.8777435e-01   7.5478641e-01   3.4440582e-01
   5.8562133e-01   7.5294100e-01   3.4117633e-01
   5.8346831e-01   7.5109559e-01   3.3794684e-01
   5.8131529e-01   7.4925018e-01   3.3471735e-01
   5.7916227e-01   7.4740476e-01   3.3148786e-01
   5.7700925e-01   7.4555935e-01   3.2825837e-01
   5.7485624e-01   7.4371394e-01   3.2502888e-01
   5.7270322e-01   7.4186853e-01   3.2179939e-01
   5.7055020e-01   7.4002312e-01   3.1856990e-01
   5.6839718e-01   7.3817771e-01   3.1534041e-01
   5.6624416e-01   7.3633229e-01   3.1211092e-01
   5.6409114e-01   7.3448688e-01   3.0888143e-01
   5.6193812e-01   7.3264147e-01   3.0565194e-01
   5.5978510e-01   7.3079606e-01   3.0242245e-01
   5.5763208e-01   7.2895065e-01   2.9919296e-01
   5.5547906e-01   7.2710524e-01   2.9596347e-01
   5.5332604e-01   7.2525982e-01   2.9273398e-01
   5.5117302e-01   7.2341441e-01   2.8950449e-01
   5.4902000e-01   7.2156900e-01   2.8627500e-01
   5.4732831e-01   7.1956975e-01   2.8458331e-01
   5.4563663e-01   7.1757049e-01   2.8289163e-01
   5.4394494e-01   7.1557124e-01   2.8119994e-01
   5.4225325e-01   7.1357198e-01   2.7950825e-01
   5.4056157e-01   7.1157273e-01   2.7781657e-01
   5.3886988e-01   7.0957347e-01   2.7612488e-01
   5.3717820e-01   7.0757422e-01   2.7443320e-01
   5.3548651e-01   7.0557496e-01   2.7274151e-01
   5.3379482e-01   7.0357571e-01   2.7104982e-01
   5.3210314e-01   7.0157645e-01   2.6935814e-01
   5.3041145e-01   6.9957720e-01   2.6766645e-01
   5.2871976e-01   6.9757794e-01   2.6597476e-01
   5.2702808e-01   6.9557869e-01   2.6428308e-01
   5.2533639e-01   6.9357943e-01   2.6259139e-01
   5.2364471e-01   6.9158018e-01   2.6089971e-01
   5.2195302e-01   6.8958092e-01   2.5920802e-01
   5.2026133e-01   6.8758167e-01   2.5751633e-01
   5.1856965e-01   6.8558241e-01   2.5582465e-01
   5.1687796e-01   6.8358316e-01   2.5413296e-01
   5.1518627e-01   6.8158390e-01   2.5244127e-01
   5.1349459e-01   6.7958465e-01   2.5074959e-01
   5.1180290e-01   6.7758539e-01   2.4905790e-01
   5.1011122e-01   6.7558614e-01   2.4736622e-01
   5.0841953e-01   6.7358688e-01   2.4567453e-01
   5.0672784e-01   6.7158763e-01   2.4398284e-01
   5.0480549e-01   6.6920392e-01   2.4213739e-01
   5.0265247e-01   6.6643576e-01   2.4013818e-01
   5.0049945e-01   6.6366761e-01   2.3813896e-01
   4.9834643e-01   6.6089945e-01   2.3613975e-01
   4.9619341e-01   6.5813129e-01   2.3414053e-01
   4.9404039e-01   6.5536314e-01   2.3214131e-01
   4.9188737e-01   6.5259498e-01   2.3014210e-01
   4.8973435e-01   6.4982682e-01   2.2814288e-01
   4.8758133e-01   6.4705867e-01   2.2614367e-01
   4.8542831e-01   6.4429051e-01   2.2414445e-01
   4.8327529e-01   6.4152235e-01   2.2214524e-01
   4.8112227e-01   6.3875420e-01   2.2014602e-01
   4.7896925e-01   6.3598604e-01   2.1814680e-01
   4.7681624e-01   6.3321788e-01   2.1614759e-01
   4.7466322e-01   6.3044973e-01   2.1414837e-01
   4.7251020e-01   6.2768157e-01   2.1214916e-01
   4.7035718e-01   6.2491341e-01   2.1014994e-01
   4.6820416e-01   6.2214525e-01   2.0815073e-01
   4.6605114e-01   6.1937710e-01   2.0615151e-01
   4.6389812e-01   6.1660894e-01   2.0415229e-01
   4.6174510e-01   6.1384078e-01   2.0215308e-01
   4.5959208e-01   6.1107263e-01   2.0015386e-01
   4.5743906e-01   6.0830447e-01   1.9815465e-01
   4.5528604e-01   6.0553631e-01   1.9615543e-01
   4.5313302e-01   6.0276816e-01   1.9415622e-01
   4.5098000e-01   6.0000000e-01   1.9215700e-01
   4.4882698e-01   5.9723184e-01   1.9046535e-01
   4.4667396e-01   5.9446369e-01   1.8877371e-01
   4.4452094e-01   5.9169553e-01   1.8708206e-01
   4.4236792e-01   5.8892737e-01   1.8539041e-01
   4.4021490e-01   5.8615922e-01   1.8369876e-01
   4.3806188e-01   5.8339106e-01   1.8200712e-01
   4.3590886e-01   5.8062290e-01   1.8031547e-01
   4.3375584e-01   5.7785475e-01   1.7862382e-01
   4.3160282e-01   5.7508659e-01   1.7693218e-01
   4.2944980e-01   5.7231843e-01   1.7524053e-01
   4.2729678e-01   5.6955027e-01   1.7354888e-01
   4.2514376e-01   5.6678212e-01   1.7185724e-01
   4.2299075e-01   5.6401396e-01   1.7016559e-01
   4.2083773e-01   5.6124580e-01   1.6847394e-01
   4.1868471e-01   5.5847765e-01   1.6678229e-01
   4.1653169e-01   5.5570949e-01   1.6509065e-01
   4.1437867e-01   5.5294133e-01   1.6339900e-01
   4.1222565e-01   5.5017318e-01   1.6170735e-01
   4.1007263e-01   5.4740502e-01   1.6001571e-01
   4.0791961e-01   5.4463686e-01   1.5832406e-01
   4.0576659e-01   5.4186871e-01   1.5663241e-01
   4.0361357e-01   5.3910055e-01   1.5494076e-01
   4.0146055e-01   5.3633239e-01   1.5324912e-01
   3.9930753e-01   5.3356424e-01   1.5155747e-01
   3.9715451e-01   5.3079608e-01   1.4986582e-01
   3.9500149e-01   5.2787412e-01   1.4825106e-01
   3.9284847e-01   5.2479835e-01   1.4671318e-01
   3.9069545e-01   5.2172259e-01   1.4517529e-01
   3.8854243e-01   5.1864682e-01   1.4363741e-01
   3.8638941e-01   5.1557106e-01   1.4209953e-01
   3.8423639e-01   5.1249529e-01   1.4056165e-01
   3.8208337e-01   5.0941953e-01   1.3902376e-01
   3.7993035e-01   5.0634376e-01   1.3748588e-01
   3.7777733e-01   5.0326800e-01   1.3594800e-01
   3.7562431e-01   5.0019224e-01   1.3441012e-01
   3.7347129e-01   4.9711647e-01   1.3287224e-01
   3.7131827e-01   4.9404071e-01   1.3133435e-01
   3.6916525e-01   4.9096494e-01   1.2979647e-01
   3.6701224e-01   4.8788918e-01   1.2825859e-01
   3.6485922e-01   4.8481341e-01   1.2672071e-01
   3.6270620e-01   4.8173765e-01   1.2518282e-01
   3.6055318e-01   4.7866188e-01   1.2364494e-01
   3.5840016e-01   4.7558612e-01   1.2210706e-01
   3.5624714e-01   4.7251035e-01   1.2056918e-01
   3.5409412e-01   4.6943459e-01   1.1903129e-01
   3.5194110e-01   4.6635882e-01   1.1749341e-01
   3.4978808e-01   4.6328306e-01   1.1595553e-01
   3.4763506e-01   4.6020729e-01   1.1441765e-01
   3.4548204e-01   4.5713153e-01   1.1287976e-01
   3.4332902e-01   4.5405576e-01   1.1134188e-01
   3.4117600e-01   4.5098000e-01   1.0980400e-01
   3.3902302e-01   4.4775047e-01   1.0841992e-01
   3.3687004e-01   4.4452094e-01   1.0703584e-01
   3.3471706e-01   4.4129141e-01   1.0565176e-01
   3.3256408e-01   4.3806188e-01   1.0426769e-01
   3.3041110e-01   4.3483235e-01   1.0288361e-01
   3.2825812e-01   4.3160282e-01   1.0149953e-01
   3.2610514e-01   4.2837329e-01   1.0011545e-01
   3.2395216e-01   4.2514376e-01   9.8731373e-02
   3.2179918e-01   4.2191424e-01   9.7347294e-02
   3.1964620e-01   4.1868471e-01   9.5963216e-02
   3.1749322e-01   4.1545518e-01   9.4579137e-02
   3.1534024e-01   4.1222565e-01   9.3195059e-02
   3.1318725e-01   4.0899612e-01   9.1810980e-02
   3.1103427e-01   4.0576659e-01   9.0426902e-02
   3.0888129e-01   4.0253706e-01   8.9042824e-02
   3.0672831e-01   3.9930753e-01   8.7658745e-02
   3.0457533e-01   3.9607800e-01   8.6274667e-02
   3.0242235e-01   3.9284847e-01   8.4890588e-02
   3.0026937e-01   3.8961894e-01   8.3506510e-02
   2.9811639e-01   3.8638941e-01   8.2122431e-02
   2.9596341e-01   3.8315988e-01   8.0738353e-02
   2.9381043e-01   3.7993035e-01   7.9354275e-02
   2.9165745e-01   3.7670082e-01   7.7970196e-02
   2.8950447e-01   3.7347129e-01   7.6586118e-02
   2.8735149e-01   3.7024176e-01   7.5202039e-02
   2.8496780e-01   3.6685845e-01   7.3894843e-02
   2.8235341e-01   3.6332135e-01   7.2664529e-02
   2.7973902e-01   3.5978425e-01   7.1434216e-02
   2.7712463e-01   3.5624716e-01   7.0203902e-02
   2.7451024e-01   3.5271006e-01   6.8973588e-02
   2.7189584e-01   3.4917296e-01   6.7743275e-02
   2.6928145e-01   3.4563586e-01   6.6512961e-02
   2.6666706e-01   3.4209876e-01   6.5282647e-02
   2.6405267e-01   3.3856167e-01   6.4052333e-02
   2.6143827e-01   3.3502457e-01   6.2822020e-02
   2.5882388e-01   3.3148747e-01   6.1591706e-02
   2.5620949e-01   3.2795037e-01   6.0361392e-02
   2.5359510e-01   3.2441327e-01   5.9131078e-02
   2.5098071e-01   3.2087618e-01   5.7900765e-02
   2.4836631e-01   3.1733908e-01   5.6670451e-02
   2.4575192e-01   3.1380198e-01   5.5440137e-02
   2.4313753e-01   3.1026488e-01   5.4209824e-02
   2.4052314e-01   3.0672778e-01   5.2979510e-02
   2.3790875e-01   3.0319069e-01   5.1749196e-02
   2.3529435e-01   2.9965359e-01   5.0518882e-02
   2.3267996e-01   2.9611649e-01   4.9288569e-02
   2.3006557e-01   2.9257939e-01   4.8058255e-02
   2.2745118e-01   2.8904229e-01   4.6827941e-02
   2.2483678e-01   2.8550520e-01   4.5597627e-02
   2.2222239e-01   2.8196810e-01   4.4367314e-02
   2.1960800e-01   2.7843100e-01   4.3137000e-02
