   2.3529000e-02   1.4902000e-01   9.8039000e-02
   2.7835039e-02   1.5701686e-01   1.0172998e-01
   3.2141078e-02   1.6501373e-01   1.0542096e-01
   3.6447118e-02   1.7301059e-01   1.0911194e-01
   4.0753157e-02   1.8100745e-01   1.1280292e-01
   4.5059196e-02   1.8900431e-01   1.1649390e-01
   4.9365235e-02   1.9700118e-01   1.2018488e-01
   5.4055784e-02   2.0384471e-01   1.2349125e-01
   5.8977039e-02   2.0999624e-01   1.2656686e-01
   6.3898294e-02   2.1614776e-01   1.2964247e-01
   6.8819549e-02   2.2229929e-01   1.3271808e-01
   7.3740804e-02   2.2845082e-01   1.3579369e-01
   7.8662059e-02   2.3460235e-01   1.3886929e-01
   8.4198451e-02   2.4083076e-01   1.4256010e-01
   9.1580255e-02   2.4728982e-01   1.4809649e-01
   9.8962059e-02   2.5374888e-01   1.5363288e-01
   1.0634386e-01   2.6020794e-01   1.5916927e-01
   1.1372567e-01   2.6666700e-01   1.6470567e-01
   1.2110747e-01   2.7312606e-01   1.7024206e-01
   1.2848927e-01   2.7958512e-01   1.7577845e-01
   1.3587108e-01   2.8604418e-01   1.8131484e-01
   1.4325288e-01   2.9250324e-01   1.8685124e-01
   1.5063469e-01   2.9896229e-01   1.9238763e-01
   1.5801649e-01   3.0542135e-01   1.9792402e-01
   1.6539829e-01   3.1188041e-01   2.0346041e-01
   1.7278010e-01   3.1833947e-01   2.0899680e-01
   1.8016186e-01   3.2510610e-01   2.1468696e-01
   1.8754359e-01   3.3218029e-01   2.2053088e-01
   1.9492531e-01   3.3925449e-01   2.2637480e-01
   2.0230704e-01   3.4632869e-01   2.3221873e-01
   2.0968876e-01   3.5340288e-01   2.3806265e-01
   2.1707049e-01   3.6047708e-01   2.4390657e-01
   2.2445222e-01   3.6755127e-01   2.4975049e-01
   2.3183394e-01   3.7462547e-01   2.5559441e-01
   2.3921567e-01   3.8169967e-01   2.6143833e-01
   2.4659739e-01   3.8877386e-01   2.6728225e-01
   2.5397912e-01   3.9584806e-01   2.7312618e-01
   2.6136084e-01   4.0292225e-01   2.7897010e-01
   2.6874257e-01   4.0999645e-01   2.8481402e-01
   2.7727776e-01   4.1822406e-01   2.9134994e-01
   2.8619745e-01   4.2683614e-01   2.9811653e-01
   2.9511714e-01   4.3544822e-01   3.0488312e-01
   3.0403682e-01   4.4406029e-01   3.1164971e-01
   3.1295651e-01   4.5267237e-01   3.1841629e-01
   3.2187620e-01   4.6128445e-01   3.2518288e-01
   3.3079588e-01   4.6989653e-01   3.3194947e-01
   3.3971557e-01   4.7850861e-01   3.3871606e-01
   3.4863525e-01   4.8712069e-01   3.4548265e-01
   3.5755494e-01   4.9573276e-01   3.5224924e-01
   3.6647463e-01   5.0434484e-01   3.5901582e-01
   3.7539431e-01   5.1295692e-01   3.6578241e-01
   3.8431400e-01   5.2156900e-01   3.7254900e-01
   3.9108059e-01   5.2925833e-01   3.7654743e-01
   3.9784718e-01   5.3694767e-01   3.8054586e-01
   4.0461376e-01   5.4463700e-01   3.8454429e-01
   4.1138035e-01   5.5232633e-01   3.8854273e-01
   4.1814694e-01   5.6001567e-01   3.9254116e-01
   4.2491353e-01   5.6770500e-01   3.9653959e-01
   4.3168012e-01   5.7539433e-01   4.0053802e-01
   4.3844671e-01   5.8308367e-01   4.0453645e-01
   4.4521329e-01   5.9077300e-01   4.0853488e-01
   4.5197988e-01   5.9846233e-01   4.1253331e-01
   4.5874647e-01   6.0615167e-01   4.1653175e-01
   4.6551306e-01   6.1384100e-01   4.2053018e-01
   4.7212588e-01   6.2122276e-01   4.2375969e-01
   4.7827741e-01   6.2768182e-01   4.2468243e-01
   4.8442894e-01   6.3414088e-01   4.2560518e-01
   4.9058047e-01   6.4059994e-01   4.2652792e-01
   4.9673200e-01   6.4705900e-01   4.2745067e-01
   5.0288353e-01   6.5351806e-01   4.2837341e-01
   5.0903506e-01   6.5997712e-01   4.2929616e-01
   5.1518659e-01   6.6643618e-01   4.3021890e-01
   5.2133812e-01   6.7289524e-01   4.3114165e-01
   5.2748965e-01   6.7935429e-01   4.3206439e-01
   5.3364118e-01   6.8581335e-01   4.3298714e-01
   5.3979271e-01   6.9227241e-01   4.3390988e-01
   5.4594424e-01   6.9873147e-01   4.3483263e-01
   5.5501769e-01   7.0580567e-01   4.3929247e-01
   5.6701306e-01   7.1349500e-01   4.4728941e-01
   5.7900843e-01   7.2118433e-01   4.5528635e-01
   5.9100380e-01   7.2887367e-01   4.6328329e-01
   6.0299918e-01   7.3656300e-01   4.7128024e-01
   6.1499455e-01   7.4425233e-01   4.7927718e-01
   6.2698992e-01   7.5194167e-01   4.8727412e-01
   6.3898529e-01   7.5963100e-01   4.9527106e-01
   6.5098067e-01   7.6732033e-01   5.0326800e-01
   6.6297604e-01   7.7500967e-01   5.1126494e-01
   6.7497141e-01   7.8269900e-01   5.1926188e-01
   6.8696678e-01   7.9038833e-01   5.2725882e-01
   6.9896216e-01   7.9807767e-01   5.3525576e-01
   7.0888141e-01   8.0461359e-01   5.4302200e-01
   7.1810863e-01   8.1076504e-01   5.5071133e-01
   7.2733584e-01   8.1691649e-01   5.5840067e-01
   7.3656306e-01   8.2306794e-01   5.6609000e-01
   7.4579027e-01   8.2921939e-01   5.7377933e-01
   7.5501749e-01   8.3537084e-01   5.8146867e-01
   7.6424471e-01   8.4152229e-01   5.8915800e-01
   7.7347192e-01   8.4767375e-01   5.9684733e-01
   7.8269914e-01   8.5382520e-01   6.0453667e-01
   7.9192635e-01   8.5997665e-01   6.1222600e-01
   8.0115357e-01   8.6612810e-01   6.1991533e-01
   8.1038078e-01   8.7227955e-01   6.2760467e-01
   8.1960800e-01   8.7843100e-01   6.3529400e-01
   8.2729733e-01   8.8335218e-01   6.4513635e-01
   8.3498667e-01   8.8827335e-01   6.5497871e-01
   8.4267600e-01   8.9319453e-01   6.6482106e-01
   8.5036533e-01   8.9811571e-01   6.7466341e-01
   8.5805467e-01   9.0303688e-01   6.8450576e-01
   8.6574400e-01   9.0795806e-01   6.9434812e-01
   8.7343333e-01   9.1287924e-01   7.0419047e-01
   8.8112267e-01   9.1780041e-01   7.1403282e-01
   8.8881200e-01   9.2272159e-01   7.2387518e-01
   8.9650133e-01   9.2764276e-01   7.3371753e-01
   9.0419067e-01   9.3256394e-01   7.4355988e-01
   9.1188000e-01   9.3748512e-01   7.5340224e-01
   9.1887731e-01   9.4148361e-01   7.6216808e-01
   9.2379857e-01   9.4271404e-01   7.6770439e-01
   9.2871982e-01   9.4394447e-01   7.7324071e-01
   9.3364108e-01   9.4517490e-01   7.7877702e-01
   9.3856233e-01   9.4640533e-01   7.8431333e-01
   9.4348359e-01   9.4763576e-01   7.8984965e-01
   9.4840484e-01   9.4886620e-01   7.9538596e-01
   9.5171116e-01   9.4902000e-01   8.0415188e-01
   9.5478676e-01   9.4902000e-01   8.1337918e-01
   9.5786237e-01   9.4902000e-01   8.2260647e-01
   9.6093798e-01   9.4902000e-01   8.3183376e-01
   9.6401359e-01   9.4902000e-01   8.4106106e-01
   9.6708920e-01   9.4902000e-01   8.5028835e-01
   9.6678159e-01   9.4502153e-01   8.4875051e-01
   9.6309076e-01   9.3702459e-01   8.3644753e-01
   9.5939994e-01   9.2902765e-01   8.2414455e-01
   9.5570912e-01   9.2103071e-01   8.1184157e-01
   9.5201829e-01   9.1303376e-01   7.9953859e-01
   9.4832747e-01   9.0503682e-01   7.8723561e-01
   9.4463665e-01   8.9703988e-01   7.7493263e-01
   9.4094582e-01   8.8904294e-01   7.6262965e-01
   9.3725500e-01   8.8104600e-01   7.5032667e-01
   9.3356418e-01   8.7304906e-01   7.3802369e-01
   9.2987335e-01   8.6505212e-01   7.2572071e-01
   9.2618253e-01   8.5705518e-01   7.1341773e-01
   9.2249171e-01   8.4905824e-01   7.0111475e-01
   9.1626335e-01   8.3944653e-01   6.9019588e-01
   9.0918916e-01   8.2929657e-01   6.7973839e-01
   9.0211496e-01   8.1914661e-01   6.6928090e-01
   8.9504076e-01   8.0899665e-01   6.5882341e-01
   8.8796657e-01   7.9884669e-01   6.4836592e-01
   8.8089237e-01   7.8869673e-01   6.3790843e-01
   8.7381818e-01   7.7854676e-01   6.2745094e-01
   8.6674398e-01   7.6839680e-01   6.1699345e-01
   8.5966978e-01   7.5824684e-01   6.0653596e-01
   8.5259559e-01   7.4809688e-01   5.9607847e-01
   8.4552139e-01   7.3794692e-01   5.8562098e-01
   8.3844720e-01   7.2779696e-01   5.7516349e-01
   8.3137300e-01   7.1764700e-01   5.6470600e-01
   8.2429873e-01   7.0841978e-01   5.5640153e-01
   8.1722445e-01   6.9919257e-01   5.4809706e-01
   8.1015018e-01   6.8996535e-01   5.3979259e-01
   8.0307590e-01   6.8073814e-01   5.3148812e-01
   7.9600163e-01   6.7151092e-01   5.2318365e-01
   7.8892735e-01   6.6228371e-01   5.1487918e-01
   7.8185308e-01   6.5305649e-01   5.0657471e-01
   7.7477880e-01   6.4382927e-01   4.9827024e-01
   7.6770453e-01   6.3460206e-01   4.8996576e-01
   7.6063025e-01   6.2537484e-01   4.8166129e-01
   7.5355598e-01   6.1614763e-01   4.7335682e-01
   7.4648171e-01   6.0692041e-01   4.6505235e-01
   7.3940745e-01   5.9784698e-01   4.5720924e-01
   7.3233325e-01   5.8923490e-01   4.5075018e-01
   7.2525906e-01   5.8062282e-01   4.4429112e-01
   7.1818486e-01   5.7201075e-01   4.3783206e-01
   7.1111067e-01   5.6339867e-01   4.3137300e-01
   7.0403647e-01   5.5478659e-01   4.2491394e-01
   6.9696227e-01   5.4617451e-01   4.1845488e-01
   6.8988808e-01   5.3756243e-01   4.1199582e-01
   6.8281388e-01   5.2895035e-01   4.0553676e-01
   6.7573969e-01   5.2033827e-01   3.9907771e-01
   6.6866549e-01   5.1172620e-01   3.9261865e-01
   6.6159129e-01   5.0311412e-01   3.8615959e-01
   6.5451710e-01   4.9450204e-01   3.7970053e-01
   6.4698157e-01   4.8588996e-01   3.7339524e-01
   6.3898471e-01   4.7727788e-01   3.6724371e-01
   6.3098784e-01   4.6866580e-01   3.6109218e-01
   6.2299098e-01   4.6005373e-01   3.5494065e-01
   6.1499412e-01   4.5144165e-01   3.4878912e-01
   6.0699725e-01   4.4282957e-01   3.4263759e-01
   5.9900039e-01   4.3421749e-01   3.3648606e-01
   5.9100353e-01   4.2560541e-01   3.3033453e-01
   5.8300667e-01   4.1699333e-01   3.2418300e-01
   5.7500980e-01   4.0838125e-01   3.1803147e-01
   5.6701294e-01   3.9976918e-01   3.1187994e-01
   5.5901608e-01   3.9115710e-01   3.0572841e-01
   5.5101922e-01   3.8254502e-01   2.9957688e-01
   5.4325294e-01   3.7508635e-01   2.9342541e-01
   5.3556353e-01   3.6801216e-01   2.8727396e-01
   5.2787412e-01   3.6093796e-01   2.8112251e-01
   5.2018471e-01   3.5386376e-01   2.7497106e-01
   5.1249529e-01   3.4678957e-01   2.6881961e-01
   5.0480588e-01   3.3971537e-01   2.6266816e-01
   4.9711647e-01   3.3264118e-01   2.5651671e-01
   4.8942706e-01   3.2556698e-01   2.5036525e-01
   4.8173765e-01   3.1849278e-01   2.4421380e-01
   4.7404824e-01   3.1141859e-01   2.3806235e-01
   4.6635882e-01   3.0434439e-01   2.3191090e-01
   4.5866941e-01   2.9727020e-01   2.2575945e-01
   4.5098000e-01   2.9019600e-01   2.1960800e-01
   4.4390580e-01   2.8281420e-01   2.1437922e-01
   4.3683161e-01   2.7543239e-01   2.0915043e-01
   4.2975741e-01   2.6805059e-01   2.0392165e-01
   4.2268322e-01   2.6066878e-01   1.9869286e-01
   4.1560902e-01   2.5328698e-01   1.9346408e-01
   4.0853482e-01   2.4590518e-01   1.8823529e-01
   4.0146063e-01   2.3852337e-01   1.8300651e-01
   3.9438643e-01   2.3114157e-01   1.7777773e-01
   3.8731224e-01   2.2375976e-01   1.7254894e-01
   3.8023804e-01   2.1637796e-01   1.6732016e-01
   3.7316384e-01   2.0899616e-01   1.6209137e-01
   3.6608965e-01   2.0161435e-01   1.5686259e-01
   3.5963061e-01   1.9477082e-01   1.5178761e-01
   3.5501704e-01   1.8954212e-01   1.4717404e-01
   3.5040347e-01   1.8431341e-01   1.4256047e-01
   3.4578990e-01   1.7908471e-01   1.3794690e-01
   3.4117633e-01   1.7385600e-01   1.3333333e-01
   3.3656276e-01   1.6862729e-01   1.2871976e-01
   3.3194920e-01   1.6339859e-01   1.2410620e-01
   3.2733563e-01   1.5816988e-01   1.1949263e-01
   3.2272206e-01   1.5294118e-01   1.1487906e-01
   3.1810849e-01   1.4771247e-01   1.1026549e-01
   3.1349492e-01   1.4248376e-01   1.0565192e-01
   3.0888135e-01   1.3725506e-01   1.0103835e-01
   3.0426778e-01   1.3202635e-01   9.6424784e-02
   2.9842390e-01   1.2725898e-01   9.2733922e-02
   2.9134971e-01   1.2295294e-01   8.9965765e-02
   2.8427551e-01   1.1864690e-01   8.7197608e-02
   2.7720131e-01   1.1434086e-01   8.4429451e-02
   2.7012712e-01   1.1003482e-01   8.1661294e-02
   2.6305292e-01   1.0572878e-01   7.8893137e-02
   2.5597873e-01   1.0142275e-01   7.6124980e-02
   2.4890453e-01   9.7116706e-02   7.3356824e-02
   2.4183033e-01   9.2810667e-02   7.0588667e-02
   2.3475614e-01   8.8504627e-02   6.7820510e-02
   2.2768194e-01   8.4198588e-02   6.5052353e-02
   2.2060775e-01   7.9892549e-02   6.2284196e-02
   2.1353355e-01   7.5586510e-02   5.9516039e-02
   2.0576724e-01   7.2203176e-02   5.7439882e-02
   1.9777022e-01   6.9127412e-02   5.5594392e-02
   1.8977320e-01   6.6051647e-02   5.3748902e-02
   1.8177618e-01   6.2975882e-02   5.1903412e-02
   1.7377916e-01   5.9900118e-02   5.0057922e-02
   1.6578214e-01   5.6824353e-02   4.8212431e-02
   1.5847724e-01   5.4671294e-02   4.7059000e-02
   1.5232586e-01   5.4056078e-02   4.7059000e-02
   1.4617449e-01   5.3440863e-02   4.7059000e-02
   1.4002312e-01   5.2825647e-02   4.7059000e-02
   1.3387175e-01   5.2210431e-02   4.7059000e-02
   1.2772037e-01   5.1595216e-02   4.7059000e-02
   1.2156900e-01   5.0980000e-02   4.7059000e-02
