   5.4902000e-02   1.0196100e-01   1.1765000e-02
   5.6901216e-02   1.0503673e-01   1.2533941e-02
   5.8900431e-02   1.0811245e-01   1.3302882e-02
   6.0899647e-02   1.1118818e-01   1.4071824e-02
   6.2898863e-02   1.1426390e-01   1.4840765e-02
   6.4898078e-02   1.1733963e-01   1.5609706e-02
   6.6897294e-02   1.2041535e-01   1.6378647e-02
   6.8896510e-02   1.2349108e-01   1.7147588e-02
   7.0895725e-02   1.2656680e-01   1.7916529e-02
   7.2894941e-02   1.2964253e-01   1.8685471e-02
   7.4894157e-02   1.3271825e-01   1.9454412e-02
   7.6893373e-02   1.3579398e-01   2.0223353e-02
   7.8892588e-02   1.3886971e-01   2.0992294e-02
   8.0891804e-02   1.4194543e-01   2.1761235e-02
   8.2891020e-02   1.4502116e-01   2.2530176e-02
   8.4890235e-02   1.4809688e-01   2.3299118e-02
   8.6889451e-02   1.5117261e-01   2.4068059e-02
   8.8888667e-02   1.5424833e-01   2.4837000e-02
   9.0887882e-02   1.5732406e-01   2.5605941e-02
   9.2887098e-02   1.6039978e-01   2.6374882e-02
   9.4886314e-02   1.6347551e-01   2.7143824e-02
   9.6885529e-02   1.6655124e-01   2.7912765e-02
   9.8884745e-02   1.6962696e-01   2.8681706e-02
   1.0088396e-01   1.7270269e-01   2.9450647e-02
   1.0288318e-01   1.7577841e-01   3.0219588e-02
   1.0488239e-01   1.7885414e-01   3.0988529e-02
   1.0703541e-01   1.8192988e-01   3.2218824e-02
   1.0934224e-01   1.8500565e-01   3.3910471e-02
   1.1164906e-01   1.8808141e-01   3.5602118e-02
   1.1395588e-01   1.9115718e-01   3.7293765e-02
   1.1626271e-01   1.9423294e-01   3.8985412e-02
   1.1856953e-01   1.9730871e-01   4.0677059e-02
   1.2087635e-01   2.0038447e-01   4.2368706e-02
   1.2318318e-01   2.0346024e-01   4.4060353e-02
   1.2549000e-01   2.0653600e-01   4.5752000e-02
   1.2779682e-01   2.0961176e-01   4.7443647e-02
   1.3010365e-01   2.1268753e-01   4.9135294e-02
   1.3241047e-01   2.1576329e-01   5.0826941e-02
   1.3471729e-01   2.1883906e-01   5.2518588e-02
   1.3702412e-01   2.2191482e-01   5.4210235e-02
   1.3933094e-01   2.2499059e-01   5.5901882e-02
   1.4163776e-01   2.2806635e-01   5.7593529e-02
   1.4394459e-01   2.3114212e-01   5.9285176e-02
   1.4625141e-01   2.3421788e-01   6.0976824e-02
   1.4855824e-01   2.3729365e-01   6.2668471e-02
   1.5086506e-01   2.4036941e-01   6.4360118e-02
   1.5317188e-01   2.4344518e-01   6.6051765e-02
   1.5547871e-01   2.4652094e-01   6.7743412e-02
   1.5778553e-01   2.4959671e-01   6.9435059e-02
   1.6009235e-01   2.5267247e-01   7.1126706e-02
   1.6239918e-01   2.5574824e-01   7.2818353e-02
   1.6470600e-01   2.5882400e-01   7.4510000e-02
   1.6716659e-01   2.6205349e-01   7.6047843e-02
   1.6962718e-01   2.6528298e-01   7.7585686e-02
   1.7208776e-01   2.6851247e-01   7.9123529e-02
   1.7454835e-01   2.7174196e-01   8.0661373e-02
   1.7700894e-01   2.7497145e-01   8.2199216e-02
   1.7946953e-01   2.7820094e-01   8.3737059e-02
   1.8193012e-01   2.8143043e-01   8.5274902e-02
   1.8439071e-01   2.8465992e-01   8.6812745e-02
   1.8685129e-01   2.8788941e-01   8.8350588e-02
   1.8931188e-01   2.9111890e-01   8.9888431e-02
   1.9177247e-01   2.9434839e-01   9.1426275e-02
   1.9423306e-01   2.9757788e-01   9.2964118e-02
   1.9669365e-01   3.0080737e-01   9.4501961e-02
   1.9915424e-01   3.0403686e-01   9.6039804e-02
   2.0161482e-01   3.0726635e-01   9.7577647e-02
   2.0407541e-01   3.1049584e-01   9.9115490e-02
   2.0653600e-01   3.1372533e-01   1.0065333e-01
   2.0899659e-01   3.1695482e-01   1.0219118e-01
   2.1145718e-01   3.2018431e-01   1.0372902e-01
   2.1391776e-01   3.2341380e-01   1.0526686e-01
   2.1637835e-01   3.2664329e-01   1.0680471e-01
   2.1883894e-01   3.2987278e-01   1.0834255e-01
   2.2129953e-01   3.3310227e-01   1.0988039e-01
   2.2376012e-01   3.3633176e-01   1.1141824e-01
   2.2622071e-01   3.3956125e-01   1.1295608e-01
   2.2883508e-01   3.4271388e-01   1.1495531e-01
   2.3160324e-01   3.4578965e-01   1.1741594e-01
   2.3437139e-01   3.4886541e-01   1.1987657e-01
   2.3713955e-01   3.5194118e-01   1.2233720e-01
   2.3990771e-01   3.5501694e-01   1.2479782e-01
   2.4267586e-01   3.5809271e-01   1.2725845e-01
   2.4544402e-01   3.6116847e-01   1.2971908e-01
   2.4821218e-01   3.6424424e-01   1.3217971e-01
   2.5098033e-01   3.6732000e-01   1.3464033e-01
   2.5374849e-01   3.7039576e-01   1.3710096e-01
   2.5651665e-01   3.7347153e-01   1.3956159e-01
   2.5928480e-01   3.7654729e-01   1.4202222e-01
   2.6205296e-01   3.7962306e-01   1.4448284e-01
   2.6482112e-01   3.8269882e-01   1.4694347e-01
   2.6758927e-01   3.8577459e-01   1.4940410e-01
   2.7035743e-01   3.8885035e-01   1.5186473e-01
   2.7312559e-01   3.9192612e-01   1.5432535e-01
   2.7589375e-01   3.9500188e-01   1.5678598e-01
   2.7866190e-01   3.9807765e-01   1.5924661e-01
   2.8143006e-01   4.0115341e-01   1.6170724e-01
   2.8419822e-01   4.0422918e-01   1.6416786e-01
   2.8696637e-01   4.0730494e-01   1.6662849e-01
   2.8973453e-01   4.1038071e-01   1.6908912e-01
   2.9250269e-01   4.1345647e-01   1.7154975e-01
   2.9527084e-01   4.1653224e-01   1.7401037e-01
   2.9803900e-01   4.1960800e-01   1.7647100e-01
   3.0111476e-01   4.2283753e-01   1.7939292e-01
   3.0419053e-01   4.2606706e-01   1.8231484e-01
   3.0726629e-01   4.2929659e-01   1.8523676e-01
   3.1034206e-01   4.3252612e-01   1.8815869e-01
   3.1341782e-01   4.3575565e-01   1.9108061e-01
   3.1649359e-01   4.3898518e-01   1.9400253e-01
   3.1956935e-01   4.4221471e-01   1.9692445e-01
   3.2264512e-01   4.4544424e-01   1.9984637e-01
   3.2572088e-01   4.4867376e-01   2.0276829e-01
   3.2879665e-01   4.5190329e-01   2.0569022e-01
   3.3187241e-01   4.5513282e-01   2.0861214e-01
   3.3494818e-01   4.5836235e-01   2.1153406e-01
   3.3802394e-01   4.6159188e-01   2.1445598e-01
   3.4109971e-01   4.6482141e-01   2.1737790e-01
   3.4417547e-01   4.6805094e-01   2.2029982e-01
   3.4725124e-01   4.7128047e-01   2.2322175e-01
   3.5032700e-01   4.7451000e-01   2.2614367e-01
   3.5340276e-01   4.7773953e-01   2.2906559e-01
   3.5647853e-01   4.8096906e-01   2.3198751e-01
   3.5955429e-01   4.8419859e-01   2.3490943e-01
   3.6263006e-01   4.8742812e-01   2.3783135e-01
   3.6570582e-01   4.9065765e-01   2.4075327e-01
   3.6878159e-01   4.9388718e-01   2.4367520e-01
   3.7185735e-01   4.9711671e-01   2.4659712e-01
   3.7493312e-01   5.0034624e-01   2.4951904e-01
   3.7808576e-01   5.0349886e-01   2.5267167e-01
   3.8131529e-01   5.0657459e-01   2.5605500e-01
   3.8454482e-01   5.0965031e-01   2.5943833e-01
   3.8777435e-01   5.1272604e-01   2.6282167e-01
   3.9100388e-01   5.1580176e-01   2.6620500e-01
   3.9423341e-01   5.1887749e-01   2.6958833e-01
   3.9746294e-01   5.2195322e-01   2.7297167e-01
   4.0069247e-01   5.2502894e-01   2.7635500e-01
   4.0392200e-01   5.2810467e-01   2.7973833e-01
   4.0715153e-01   5.3118039e-01   2.8312167e-01
   4.1038106e-01   5.3425612e-01   2.8650500e-01
   4.1361059e-01   5.3733184e-01   2.8988833e-01
   4.1684012e-01   5.4040757e-01   2.9327167e-01
   4.2006965e-01   5.4348329e-01   2.9665500e-01
   4.2329918e-01   5.4655902e-01   3.0003833e-01
   4.2652871e-01   5.4963475e-01   3.0342167e-01
   4.2975824e-01   5.5271047e-01   3.0680500e-01
   4.3298776e-01   5.5578620e-01   3.1018833e-01
   4.3621729e-01   5.5886192e-01   3.1357167e-01
   4.3944682e-01   5.6193765e-01   3.1695500e-01
   4.4267635e-01   5.6501337e-01   3.2033833e-01
   4.4590588e-01   5.6808910e-01   3.2372167e-01
   4.4913541e-01   5.7116482e-01   3.2710500e-01
   4.5236494e-01   5.7424055e-01   3.3048833e-01
   4.5559447e-01   5.7731627e-01   3.3387167e-01
   4.5882400e-01   5.8039200e-01   3.3725500e-01
   4.6236110e-01   5.8346776e-01   3.4109967e-01
   4.6589820e-01   5.8654353e-01   3.4494433e-01
   4.6943529e-01   5.8961929e-01   3.4878900e-01
   4.7297239e-01   5.9269506e-01   3.5263367e-01
   4.7650949e-01   5.9577082e-01   3.5647833e-01
   4.8004659e-01   5.9884659e-01   3.6032300e-01
   4.8358369e-01   6.0192235e-01   3.6416767e-01
   4.8712078e-01   6.0499812e-01   3.6801233e-01
   4.9065788e-01   6.0807388e-01   3.7185700e-01
   4.9419498e-01   6.1114965e-01   3.7570167e-01
   4.9773208e-01   6.1422541e-01   3.7954633e-01
   5.0126918e-01   6.1730118e-01   3.8339100e-01
   5.0480627e-01   6.2037694e-01   3.8723567e-01
   5.0834337e-01   6.2345271e-01   3.9108033e-01
   5.1188047e-01   6.2652847e-01   3.9492500e-01
   5.1541757e-01   6.2960424e-01   3.9876967e-01
   5.1895467e-01   6.3268000e-01   4.0261433e-01
   5.2249176e-01   6.3575576e-01   4.0645900e-01
   5.2602886e-01   6.3883153e-01   4.1030367e-01
   5.2956596e-01   6.4190729e-01   4.1414833e-01
   5.3310306e-01   6.4498306e-01   4.1799300e-01
   5.3664016e-01   6.4805882e-01   4.2183767e-01
   5.4017725e-01   6.5113459e-01   4.2568233e-01
   5.4371435e-01   6.5421035e-01   4.2952700e-01
   5.4725145e-01   6.5728612e-01   4.3337167e-01
   5.5086543e-01   6.6043875e-01   4.3752392e-01
   5.5455629e-01   6.6366824e-01   4.4198376e-01
   5.5824716e-01   6.6689773e-01   4.4644361e-01
   5.6193802e-01   6.7012722e-01   4.5090345e-01
   5.6562888e-01   6.7335671e-01   4.5536329e-01
   5.6931975e-01   6.7658620e-01   4.5982314e-01
   5.7301061e-01   6.7981569e-01   4.6428298e-01
   5.7670147e-01   6.8304518e-01   4.6874282e-01
   5.8039233e-01   6.8627467e-01   4.7320267e-01
   5.8408320e-01   6.8950416e-01   4.7766251e-01
   5.8777406e-01   6.9273365e-01   4.8212235e-01
   5.9146492e-01   6.9596314e-01   4.8658220e-01
   5.9515578e-01   6.9919263e-01   4.9104204e-01
   5.9884665e-01   7.0242212e-01   4.9550188e-01
   6.0253751e-01   7.0565161e-01   4.9996173e-01
   6.0622837e-01   7.0888110e-01   5.0442157e-01
   6.0991924e-01   7.1211059e-01   5.0888141e-01
   6.1361010e-01   7.1534008e-01   5.1334125e-01
   6.1730096e-01   7.1856957e-01   5.1780110e-01
   6.2099182e-01   7.2179906e-01   5.2226094e-01
   6.2468269e-01   7.2502855e-01   5.2672078e-01
   6.2837355e-01   7.2825804e-01   5.3118063e-01
   6.3206441e-01   7.3148753e-01   5.3564047e-01
   6.3575527e-01   7.3471702e-01   5.4010031e-01
   6.3944614e-01   7.3794651e-01   5.4456016e-01
   6.4313700e-01   7.4117600e-01   5.4902000e-01
   6.4713547e-01   7.4425176e-01   5.5378737e-01
   6.5113394e-01   7.4732753e-01   5.5855475e-01
   6.5513241e-01   7.5040329e-01   5.6332212e-01
   6.5913088e-01   7.5347906e-01   5.6808949e-01
   6.6312935e-01   7.5655482e-01   5.7285686e-01
   6.6712782e-01   7.5963059e-01   5.7762424e-01
   6.7112629e-01   7.6270635e-01   5.8239161e-01
   6.7512476e-01   7.6578212e-01   5.8715898e-01
   6.7912324e-01   7.6885788e-01   5.9192635e-01
   6.8312171e-01   7.7193365e-01   5.9669373e-01
   6.8712018e-01   7.7500941e-01   6.0146110e-01
   6.9111865e-01   7.7808518e-01   6.0622847e-01
   6.9511712e-01   7.8116094e-01   6.1099584e-01
   6.9911559e-01   7.8423671e-01   6.1576322e-01
   7.0311406e-01   7.8731247e-01   6.2053059e-01
   7.0711253e-01   7.9038824e-01   6.2529796e-01
   7.1111100e-01   7.9346400e-01   6.3006533e-01
   7.1510947e-01   7.9653976e-01   6.3483271e-01
   7.1910794e-01   7.9961553e-01   6.3960008e-01
   7.2310641e-01   8.0269129e-01   6.4436745e-01
   7.2710488e-01   8.0576706e-01   6.4913482e-01
   7.3110335e-01   8.0884282e-01   6.5390220e-01
   7.3510182e-01   8.1191859e-01   6.5866957e-01
   7.3910029e-01   8.1499435e-01   6.6343694e-01
   7.4309876e-01   8.1807012e-01   6.6820431e-01
   7.4725102e-01   8.2122276e-01   6.7335618e-01
   7.5155706e-01   8.2445229e-01   6.7889253e-01
   7.5586310e-01   8.2768182e-01   6.8442888e-01
   7.6016914e-01   8.3091135e-01   6.8996524e-01
   7.6447518e-01   8.3414088e-01   6.9550159e-01
   7.6878122e-01   8.3737041e-01   7.0103794e-01
   7.7308725e-01   8.4059994e-01   7.0657429e-01
   7.7739329e-01   8.4382947e-01   7.1211065e-01
   7.8169933e-01   8.4705900e-01   7.1764700e-01
   7.8600537e-01   8.5028853e-01   7.2318335e-01
   7.9031141e-01   8.5351806e-01   7.2871971e-01
   7.9461745e-01   8.5674759e-01   7.3425606e-01
   7.9892349e-01   8.5997712e-01   7.3979241e-01
   8.0322953e-01   8.6320665e-01   7.4532876e-01
   8.0753557e-01   8.6643618e-01   7.5086512e-01
   8.1184161e-01   8.6966571e-01   7.5640147e-01
   8.1614765e-01   8.7289524e-01   7.6193782e-01
   8.2045369e-01   8.7612476e-01   7.6747418e-01
   8.2475973e-01   8.7935429e-01   7.7301053e-01
   8.2906576e-01   8.8258382e-01   7.7854688e-01
   8.3337180e-01   8.8581335e-01   7.8408324e-01
   8.3767784e-01   8.8904288e-01   7.8961959e-01
   8.4198388e-01   8.9227241e-01   7.9515594e-01
   8.4628992e-01   8.9550194e-01   8.0069229e-01
   8.5059596e-01   8.9873147e-01   8.0622865e-01
   8.5490200e-01   9.0196100e-01   8.1176500e-01
