   2.0000000e-01   1.6862700e-01   1.6078400e-01
   2.0784314e-01   1.7631637e-01   1.6785820e-01
   2.1568627e-01   1.8400575e-01   1.7493239e-01
   2.2352941e-01   1.9169512e-01   1.8200659e-01
   2.3137255e-01   1.9938449e-01   1.8908078e-01
   2.3921569e-01   2.0707386e-01   1.9615498e-01
   2.4705882e-01   2.1476324e-01   2.0322918e-01
   2.5490196e-01   2.2245261e-01   2.1030337e-01
   2.6274510e-01   2.3014198e-01   2.1737757e-01
   2.7058824e-01   2.3783135e-01   2.2445176e-01
   2.7843137e-01   2.4552073e-01   2.3152596e-01
   2.8627451e-01   2.5321010e-01   2.3860016e-01
   2.9411765e-01   2.6089947e-01   2.4567435e-01
   3.0196078e-01   2.6858884e-01   2.5274855e-01
   3.0980392e-01   2.7627822e-01   2.5982275e-01
   3.1764706e-01   2.8396759e-01   2.6689694e-01
   3.2549020e-01   2.9165696e-01   2.7397114e-01
   3.3333333e-01   2.9934633e-01   2.8104533e-01
   3.4117647e-01   3.0703571e-01   2.8811953e-01
   3.4901961e-01   3.1472508e-01   2.9519373e-01
   3.5686275e-01   3.2241445e-01   3.0226792e-01
   3.6470588e-01   3.3010382e-01   3.0934212e-01
   3.7254902e-01   3.3779320e-01   3.1641631e-01
   3.8039216e-01   3.4548257e-01   3.2349051e-01
   3.8823529e-01   3.5317194e-01   3.3056471e-01
   3.9607843e-01   3.6086131e-01   3.3763890e-01
   4.0492118e-01   3.6978096e-01   3.4594341e-01
   4.1476353e-01   3.7993088e-01   3.5547824e-01
   4.2460588e-01   3.9008080e-01   3.6501306e-01
   4.3444824e-01   4.0023073e-01   3.7454788e-01
   4.4429059e-01   4.1038065e-01   3.8408271e-01
   4.5413294e-01   4.2053057e-01   3.9361753e-01
   4.6397529e-01   4.3068049e-01   4.0315235e-01
   4.7381765e-01   4.4083041e-01   4.1268718e-01
   4.8366000e-01   4.5098033e-01   4.2222200e-01
   4.9350235e-01   4.6113025e-01   4.3175682e-01
   5.0334471e-01   4.7128018e-01   4.4129165e-01
   5.1318706e-01   4.8143010e-01   4.5082647e-01
   5.2302941e-01   4.9158002e-01   4.6036129e-01
   5.3287176e-01   5.0172994e-01   4.6989612e-01
   5.4271412e-01   5.1187986e-01   4.7943094e-01
   5.5255647e-01   5.2202978e-01   4.8896576e-01
   5.6239882e-01   5.3217971e-01   4.9850059e-01
   5.7224118e-01   5.4232963e-01   5.0803541e-01
   5.8208353e-01   5.5247955e-01   5.1757024e-01
   5.9192588e-01   5.6262947e-01   5.2710506e-01
   6.0176824e-01   5.7277939e-01   5.3663988e-01
   6.1161059e-01   5.8292931e-01   5.4617471e-01
   6.2145294e-01   5.9307924e-01   5.5570953e-01
   6.3129529e-01   6.0322916e-01   5.6524435e-01
   6.4113765e-01   6.1337908e-01   5.7477918e-01
   6.5098000e-01   6.2352900e-01   5.8431400e-01
   6.5682392e-01   6.2968049e-01   5.9061925e-01
   6.6266784e-01   6.3583198e-01   5.9692451e-01
   6.6851176e-01   6.4198347e-01   6.0322976e-01
   6.7435569e-01   6.4813496e-01   6.0953502e-01
   6.8019961e-01   6.5428645e-01   6.1584027e-01
   6.8604353e-01   6.6043794e-01   6.2214553e-01
   6.9188745e-01   6.6658943e-01   6.2845078e-01
   6.9773137e-01   6.7274092e-01   6.3475604e-01
   7.0357529e-01   6.7889241e-01   6.4106129e-01
   7.0941922e-01   6.8504390e-01   6.4736655e-01
   7.1526314e-01   6.9119539e-01   6.5367180e-01
   7.2110706e-01   6.9734688e-01   6.5997706e-01
   7.2695098e-01   7.0349837e-01   6.6628231e-01
   7.3279490e-01   7.0964986e-01   6.7258757e-01
   7.3863882e-01   7.1580135e-01   6.7889282e-01
   7.4448275e-01   7.2195284e-01   6.8519808e-01
   7.5032667e-01   7.2810433e-01   6.9150333e-01
   7.5617059e-01   7.3425582e-01   6.9780859e-01
   7.6201451e-01   7.4040731e-01   7.0411384e-01
   7.6785843e-01   7.4655880e-01   7.1041910e-01
   7.7370235e-01   7.5271029e-01   7.1672435e-01
   7.7954627e-01   7.5886178e-01   7.2302961e-01
   7.8539020e-01   7.6501327e-01   7.2933486e-01
   7.9123412e-01   7.7116476e-01   7.3564012e-01
   7.9707804e-01   7.7731625e-01   7.4194537e-01
   8.0199924e-01   7.8246814e-01   7.4725102e-01
   8.0599771e-01   7.8662041e-01   7.5155706e-01
   8.0999618e-01   7.9077269e-01   7.5586310e-01
   8.1399465e-01   7.9492496e-01   7.6016914e-01
   8.1799312e-01   7.9907724e-01   7.6447518e-01
   8.2199159e-01   8.0322951e-01   7.6878122e-01
   8.2599006e-01   8.0738178e-01   7.7308725e-01
   8.2998853e-01   8.1153406e-01   7.7739329e-01
   8.3398700e-01   8.1568633e-01   7.8169933e-01
   8.3798547e-01   8.1983861e-01   7.8600537e-01
   8.4198394e-01   8.2399088e-01   7.9031141e-01
   8.4598241e-01   8.2814316e-01   7.9461745e-01
   8.4998088e-01   8.3229543e-01   7.9892349e-01
   8.5397935e-01   8.3644771e-01   8.0322953e-01
   8.5797782e-01   8.4059998e-01   8.0753557e-01
   8.6197629e-01   8.4475225e-01   8.1184161e-01
   8.6597476e-01   8.4890453e-01   8.1614765e-01
   8.6997324e-01   8.5305680e-01   8.2045369e-01
   8.7397171e-01   8.5720908e-01   8.2475973e-01
   8.7797018e-01   8.6136135e-01   8.2906576e-01
   8.8196865e-01   8.6551363e-01   8.3337180e-01
   8.8596712e-01   8.6966590e-01   8.3767784e-01
   8.8996559e-01   8.7381818e-01   8.4198388e-01
   8.9396406e-01   8.7797045e-01   8.4628992e-01
   8.9796253e-01   8.8212273e-01   8.5059596e-01
   9.0196100e-01   8.8627500e-01   8.5490200e-01
   9.0580567e-01   8.9058100e-01   8.5936180e-01
   9.0965033e-01   8.9488700e-01   8.6382161e-01
   9.1349500e-01   8.9919300e-01   8.6828141e-01
   9.1733967e-01   9.0349900e-01   8.7274122e-01
   9.2118433e-01   9.0780500e-01   8.7720102e-01
   9.2502900e-01   9.1211100e-01   8.8166082e-01
   9.2887367e-01   9.1641700e-01   8.8612063e-01
   9.3271833e-01   9.2072300e-01   8.9058043e-01
   9.3656300e-01   9.2502900e-01   8.9504024e-01
   9.4040767e-01   9.2933500e-01   8.9950004e-01
   9.4425233e-01   9.3364100e-01   9.0395984e-01
   9.4809700e-01   9.3794700e-01   9.0841965e-01
   9.5194167e-01   9.4225300e-01   9.1287945e-01
   9.5578633e-01   9.4655900e-01   9.1733925e-01
   9.5963100e-01   9.5086500e-01   9.2179906e-01
   9.6347567e-01   9.5517100e-01   9.2625886e-01
   9.6732033e-01   9.5947700e-01   9.3071867e-01
   9.7116500e-01   9.6378300e-01   9.3517847e-01
   9.7500967e-01   9.6808900e-01   9.3963827e-01
   9.7885433e-01   9.7239500e-01   9.4409808e-01
   9.8269900e-01   9.7670100e-01   9.4855788e-01
   9.8654367e-01   9.8100700e-01   9.5301769e-01
   9.9038833e-01   9.8531300e-01   9.5747749e-01
   9.9423300e-01   9.8961900e-01   9.6193729e-01
   9.9807767e-01   9.9392500e-01   9.6639710e-01
   9.9884657e-01   9.9377124e-01   9.5324837e-01
   9.9653971e-01   9.8915771e-01   9.2249112e-01
   9.9423284e-01   9.8454418e-01   8.9173386e-01
   9.9192598e-01   9.7993065e-01   8.6097661e-01
   9.8961912e-01   9.7531712e-01   8.3021935e-01
   9.8731227e-01   9.7070355e-01   8.0838169e-01
   9.8500546e-01   9.6608992e-01   7.9992340e-01
   9.8269865e-01   9.6147629e-01   7.9146512e-01
   9.8039183e-01   9.5686267e-01   7.8300683e-01
   9.7808502e-01   9.5224904e-01   7.7454855e-01
   9.7577821e-01   9.4763541e-01   7.6609026e-01
   9.7347139e-01   9.4302178e-01   7.5763198e-01
   9.7116458e-01   9.3840816e-01   7.4917370e-01
   9.6885776e-01   9.3379453e-01   7.4071541e-01
   9.6655095e-01   9.2918090e-01   7.3225713e-01
   9.6424414e-01   9.2456727e-01   7.2379884e-01
   9.6193732e-01   9.1995365e-01   7.1534056e-01
   9.5963051e-01   9.1534002e-01   7.0688227e-01
   9.5732370e-01   9.1072639e-01   6.9842399e-01
   9.5501688e-01   9.0611276e-01   6.8996571e-01
   9.5271007e-01   9.0149914e-01   6.8150742e-01
   9.5040325e-01   8.9688551e-01   6.7304914e-01
   9.4809644e-01   8.9227188e-01   6.6459085e-01
   9.4578963e-01   8.8765825e-01   6.5613257e-01
   9.4348281e-01   8.8304463e-01   6.4767428e-01
   9.4117600e-01   8.7843100e-01   6.3921600e-01
   9.3871541e-01   8.7274088e-01   6.3275694e-01
   9.3625482e-01   8.6705076e-01   6.2629788e-01
   9.3379424e-01   8.6136065e-01   6.1983882e-01
   9.3133365e-01   8.5567053e-01   6.1337976e-01
   9.2887306e-01   8.4998041e-01   6.0692071e-01
   9.2641247e-01   8.4429029e-01   6.0046165e-01
   9.2395188e-01   8.3860018e-01   5.9400259e-01
   9.2149129e-01   8.3291006e-01   5.8754353e-01
   9.1903071e-01   8.2721994e-01   5.8108447e-01
   9.1657012e-01   8.2152982e-01   5.7462541e-01
   9.1410953e-01   8.1583971e-01   5.6816635e-01
   9.1164894e-01   8.1014959e-01   5.6170729e-01
   9.0918835e-01   8.0445947e-01   5.5524824e-01
   9.0672776e-01   7.9876935e-01   5.4878918e-01
   9.0426718e-01   7.9307924e-01   5.4233012e-01
   9.0180659e-01   7.8738912e-01   5.3587106e-01
   8.9934600e-01   7.8169900e-01   5.2941200e-01
   8.9688541e-01   7.7600888e-01   5.2295294e-01
   8.9442482e-01   7.7031876e-01   5.1649388e-01
   8.9196424e-01   7.6462865e-01   5.1003482e-01
   8.8950365e-01   7.5893853e-01   5.0357576e-01
   8.8704306e-01   7.5324841e-01   4.9711671e-01
   8.8458247e-01   7.4755829e-01   4.9065765e-01
   8.8212188e-01   7.4186818e-01   4.8419859e-01
   8.7966129e-01   7.3617806e-01   4.7773953e-01
   8.7689314e-01   7.2979590e-01   4.7181873e-01
   8.7381741e-01   7.2272171e-01   4.6643618e-01
   8.7074169e-01   7.1564751e-01   4.6105363e-01
   8.6766596e-01   7.0857331e-01   4.5567108e-01
   8.6459024e-01   7.0149912e-01   4.5028853e-01
   8.6151451e-01   6.9442492e-01   4.4490598e-01
   8.5843878e-01   6.8735073e-01   4.3952343e-01
   8.5536306e-01   6.8027653e-01   4.3414088e-01
   8.5228733e-01   6.7320233e-01   4.2875833e-01
   8.4921161e-01   6.6612814e-01   4.2337578e-01
   8.4613588e-01   6.5905394e-01   4.1799324e-01
   8.4306016e-01   6.5197975e-01   4.1261069e-01
   8.3998443e-01   6.4490555e-01   4.0722814e-01
   8.3690871e-01   6.3783135e-01   4.0184559e-01
   8.3383298e-01   6.3075716e-01   3.9646304e-01
   8.3075725e-01   6.2368296e-01   3.9108049e-01
   8.2768153e-01   6.1660876e-01   3.8569794e-01
   8.2460580e-01   6.0953457e-01   3.8031539e-01
   8.2153008e-01   6.0246037e-01   3.7493284e-01
   8.1845435e-01   5.9538618e-01   3.6955029e-01
   8.1537863e-01   5.8831198e-01   3.6416775e-01
   8.1230290e-01   5.8123778e-01   3.5878520e-01
   8.0922718e-01   5.7416359e-01   3.5340265e-01
   8.0615145e-01   5.6708939e-01   3.4802010e-01
   8.0307573e-01   5.6001520e-01   3.4263755e-01
   8.0000000e-01   5.5294100e-01   3.3725500e-01
   7.9692427e-01   5.4602061e-01   3.3310276e-01
   7.9384855e-01   5.3910022e-01   3.2895053e-01
   7.9077282e-01   5.3217982e-01   3.2479829e-01
   7.8769710e-01   5.2525943e-01   3.2064606e-01
   7.8462137e-01   5.1833904e-01   3.1649382e-01
   7.8154565e-01   5.1141865e-01   3.1234159e-01
   7.7846992e-01   5.0449825e-01   3.0818935e-01
   7.7539420e-01   4.9757786e-01   3.0403712e-01
   7.7231847e-01   4.9065747e-01   2.9988488e-01
   7.6924275e-01   4.8373708e-01   2.9573265e-01
   7.6616702e-01   4.7681669e-01   2.9158041e-01
   7.6309129e-01   4.6989629e-01   2.8742818e-01
   7.6001557e-01   4.6297590e-01   2.8327594e-01
   7.5693984e-01   4.5605551e-01   2.7912371e-01
   7.5386412e-01   4.4913512e-01   2.7497147e-01
   7.5078839e-01   4.4221473e-01   2.7081924e-01
   7.4771267e-01   4.3529433e-01   2.6666700e-01
   7.4463694e-01   4.2837394e-01   2.6251476e-01
   7.4156122e-01   4.2145355e-01   2.5836253e-01
   7.3848549e-01   4.1453316e-01   2.5421029e-01
   7.3540976e-01   4.0761276e-01   2.5005806e-01
   7.3233404e-01   4.0069237e-01   2.4590582e-01
   7.2925831e-01   3.9377198e-01   2.4175359e-01
   7.2618259e-01   3.8685159e-01   2.3760135e-01
   7.2310686e-01   3.7993120e-01   2.3344912e-01
   7.1833947e-01   3.7108845e-01   2.2860480e-01
   7.1188041e-01   3.6032335e-01   2.2306841e-01
   7.0542135e-01   3.4955825e-01   2.1753202e-01
   6.9896229e-01   3.3879316e-01   2.1199563e-01
   6.9250324e-01   3.2802806e-01   2.0645924e-01
   6.8604418e-01   3.1726296e-01   2.0092284e-01
   6.7958512e-01   3.0649786e-01   1.9538645e-01
   6.7312606e-01   2.9573276e-01   1.8985006e-01
   6.6666700e-01   2.8496767e-01   1.8431367e-01
   6.6020794e-01   2.7420257e-01   1.7877727e-01
   6.5374888e-01   2.6343747e-01   1.7324088e-01
   6.4728982e-01   2.5267237e-01   1.6770449e-01
   6.4083076e-01   2.4190727e-01   1.6216810e-01
   6.3460235e-01   2.3298759e-01   1.5801582e-01
   6.2845082e-01   2.2468304e-01   1.5432492e-01
   6.2229929e-01   2.1637849e-01   1.5063402e-01
   6.1614776e-01   2.0807394e-01   1.4694312e-01
   6.0999624e-01   1.9976939e-01   1.4325222e-01
   6.0384471e-01   1.9146484e-01   1.3956131e-01
   5.9769318e-01   1.8316029e-01   1.3587041e-01
   5.9154165e-01   1.7485575e-01   1.3217951e-01
   5.8539012e-01   1.6655120e-01   1.2848861e-01
   5.7923859e-01   1.5824665e-01   1.2479771e-01
   5.7308706e-01   1.4994210e-01   1.2110680e-01
   5.6693553e-01   1.4163755e-01   1.1741590e-01
   5.6078400e-01   1.3333300e-01   1.1372500e-01
