   5.4902000e-02   1.0980400e-01   1.2156900e-01
   5.6439882e-02   1.1472518e-01   1.2618257e-01
   5.7977765e-02   1.1964635e-01   1.3079614e-01
   5.9515647e-02   1.2456753e-01   1.3540971e-01
   6.1053529e-02   1.2948871e-01   1.4002327e-01
   6.2591412e-02   1.3440988e-01   1.4463684e-01
   6.4129294e-02   1.3933106e-01   1.4925041e-01
   6.5667176e-02   1.4425224e-01   1.5386398e-01
   6.7205059e-02   1.4917341e-01   1.5847755e-01
   6.8742941e-02   1.5409459e-01   1.6309112e-01
   7.0280824e-02   1.5901576e-01   1.6770469e-01
   7.1818706e-02   1.6393694e-01   1.7231825e-01
   7.3356588e-02   1.6885812e-01   1.7693182e-01
   7.4740686e-02   1.7370241e-01   1.8116094e-01
   7.5663431e-02   1.7831606e-01   1.8423671e-01
   7.6586176e-02   1.8292971e-01   1.8731247e-01
   7.7508922e-02   1.8754335e-01   1.9038824e-01
   7.8431667e-02   1.9215700e-01   1.9346400e-01
   7.9354412e-02   1.9677065e-01   1.9653976e-01
   8.0277157e-02   2.0138429e-01   1.9961553e-01
   8.1199902e-02   2.0599794e-01   2.0269129e-01
   8.2122647e-02   2.1061159e-01   2.0576706e-01
   8.3045392e-02   2.1522524e-01   2.0884282e-01
   8.3968137e-02   2.1983888e-01   2.1191859e-01
   8.4890882e-02   2.2445253e-01   2.1499435e-01
   8.5813627e-02   2.2906618e-01   2.1807012e-01
   8.6582569e-02   2.3321841e-01   2.2083827e-01
   8.7197706e-02   2.3690924e-01   2.2329882e-01
   8.7812843e-02   2.4060006e-01   2.2575937e-01
   8.8427980e-02   2.4429088e-01   2.2821992e-01
   8.9043118e-02   2.4798171e-01   2.3068047e-01
   8.9658255e-02   2.5167253e-01   2.3314102e-01
   9.0273392e-02   2.5536335e-01   2.3560157e-01
   9.0888529e-02   2.5905418e-01   2.3806212e-01
   9.1503667e-02   2.6274500e-01   2.4052267e-01
   9.2118804e-02   2.6643582e-01   2.4298322e-01
   9.2733941e-02   2.7012665e-01   2.4544376e-01
   9.3349078e-02   2.7381747e-01   2.4790431e-01
   9.3964216e-02   2.7750829e-01   2.5036486e-01
   9.5040706e-02   2.8258329e-01   2.5259476e-01
   9.6270980e-02   2.8811969e-01   2.5474778e-01
   9.7501255e-02   2.9365608e-01   2.5690080e-01
   9.8731529e-02   2.9919247e-01   2.5905382e-01
   9.9961804e-02   3.0472886e-01   2.6120684e-01
   1.0119208e-01   3.1026525e-01   2.6335986e-01
   1.0242235e-01   3.1580165e-01   2.6551288e-01
   1.0365263e-01   3.2133804e-01   2.6766590e-01
   1.0488290e-01   3.2687443e-01   2.6981892e-01
   1.0611318e-01   3.3241082e-01   2.7197194e-01
   1.0734345e-01   3.3794722e-01   2.7412496e-01
   1.0857373e-01   3.4348361e-01   2.7627798e-01
   1.0980400e-01   3.4902000e-01   2.7843100e-01
   1.1011153e-01   3.5301843e-01   2.7843100e-01
   1.1041906e-01   3.5701686e-01   2.7843100e-01
   1.1072659e-01   3.6101529e-01   2.7843100e-01
   1.1103412e-01   3.6501373e-01   2.7843100e-01
   1.1134165e-01   3.6901216e-01   2.7843100e-01
   1.1164918e-01   3.7301059e-01   2.7843100e-01
   1.1195671e-01   3.7700902e-01   2.7843100e-01
   1.1226424e-01   3.8100745e-01   2.7843100e-01
   1.1257176e-01   3.8500588e-01   2.7843100e-01
   1.1287929e-01   3.8900431e-01   2.7843100e-01
   1.1318682e-01   3.9300275e-01   2.7843100e-01
   1.1349435e-01   3.9700118e-01   2.7843100e-01
   1.1380190e-01   4.0099961e-01   2.7827722e-01
   1.1410951e-01   4.0499804e-01   2.7766208e-01
   1.1441712e-01   4.0899647e-01   2.7704694e-01
   1.1472473e-01   4.1299490e-01   2.7643180e-01
   1.1503233e-01   4.1699333e-01   2.7581667e-01
   1.1533994e-01   4.2099176e-01   2.7520153e-01
   1.1564755e-01   4.2499020e-01   2.7458639e-01
   1.1595516e-01   4.2898863e-01   2.7397125e-01
   1.1626276e-01   4.3298706e-01   2.7335612e-01
   1.1657037e-01   4.3698549e-01   2.7274098e-01
   1.1687798e-01   4.4098392e-01   2.7212584e-01
   1.1718559e-01   4.4498235e-01   2.7151071e-01
   1.1749320e-01   4.4898078e-01   2.7089557e-01
   1.1764700e-01   4.5251788e-01   2.6951149e-01
   1.1764700e-01   4.5559365e-01   2.6735847e-01
   1.1764700e-01   4.5866941e-01   2.6520545e-01
   1.1764700e-01   4.6174518e-01   2.6305243e-01
   1.1764700e-01   4.6482094e-01   2.6089941e-01
   1.1764700e-01   4.6789671e-01   2.5874639e-01
   1.1764700e-01   4.7097247e-01   2.5659337e-01
   1.1764700e-01   4.7404824e-01   2.5444035e-01
   1.1764700e-01   4.7712400e-01   2.5228733e-01
   1.1764700e-01   4.8019976e-01   2.5013431e-01
   1.1764700e-01   4.8327553e-01   2.4798129e-01
   1.1764700e-01   4.8635129e-01   2.4582827e-01
   1.1764700e-01   4.8942706e-01   2.4367525e-01
   1.1741629e-01   4.9204147e-01   2.4083024e-01
   1.1710869e-01   4.9450210e-01   2.3775455e-01
   1.1680108e-01   4.9696273e-01   2.3467886e-01
   1.1649347e-01   4.9942335e-01   2.3160318e-01
   1.1618586e-01   5.0188398e-01   2.2852749e-01
   1.1587825e-01   5.0434461e-01   2.2545180e-01
   1.1557065e-01   5.0680524e-01   2.2237612e-01
   1.1526304e-01   5.0926586e-01   2.1930043e-01
   1.1495543e-01   5.1172649e-01   2.1622475e-01
   1.1464782e-01   5.1418712e-01   2.1314906e-01
   1.1434022e-01   5.1664775e-01   2.1007337e-01
   1.1403261e-01   5.1910837e-01   2.0699769e-01
   1.1372500e-01   5.2156900e-01   2.0392200e-01
   1.1341747e-01   5.2372202e-01   1.9992349e-01
   1.1310994e-01   5.2587504e-01   1.9592498e-01
   1.1280241e-01   5.2802806e-01   1.9192647e-01
   1.1249488e-01   5.3018108e-01   1.8792796e-01
   1.1218735e-01   5.3233410e-01   1.8392945e-01
   1.1187982e-01   5.3448712e-01   1.7993094e-01
   1.1157229e-01   5.3664014e-01   1.7593243e-01
   1.1126476e-01   5.3879316e-01   1.7193392e-01
   1.1095724e-01   5.4094618e-01   1.6793541e-01
   1.1064971e-01   5.4309920e-01   1.6393690e-01
   1.1034218e-01   5.4525222e-01   1.5993839e-01
   1.1003465e-01   5.4740524e-01   1.5593988e-01
   1.0926575e-01   5.4978892e-01   1.5155692e-01
   1.0711273e-01   5.5286461e-01   1.4602061e-01
   1.0495971e-01   5.5594029e-01   1.4048429e-01
   1.0280669e-01   5.5901598e-01   1.3494798e-01
   1.0065367e-01   5.6209167e-01   1.2941167e-01
   9.8500647e-02   5.6516735e-01   1.2387535e-01
   9.6347627e-02   5.6824304e-01   1.1833904e-01
   9.4194608e-02   5.7131873e-01   1.1280273e-01
   9.2041588e-02   5.7439441e-01   1.0726641e-01
   8.9888569e-02   5.7747010e-01   1.0173010e-01
   8.7735549e-02   5.8054578e-01   9.6193784e-02
   8.5582529e-02   5.8362147e-01   9.0657471e-02
   8.3429510e-02   5.8669716e-01   8.5121157e-02
   8.3429510e-02   5.8992669e-01   8.1122686e-02
   8.5582529e-02   5.9331006e-01   7.8662059e-02
   8.7735549e-02   5.9669343e-01   7.6201431e-02
   8.9888569e-02   6.0007680e-01   7.3740804e-02
   9.2041588e-02   6.0346018e-01   7.1280176e-02
   9.4194608e-02   6.0684355e-01   6.8819549e-02
   9.6347627e-02   6.1022692e-01   6.6358922e-02
   9.8500647e-02   6.1361029e-01   6.3898294e-02
   1.0065367e-01   6.1699367e-01   6.1437667e-02
   1.0280669e-01   6.2037704e-01   5.8977039e-02
   1.0495971e-01   6.2376041e-01   5.6516412e-02
   1.0711273e-01   6.2714378e-01   5.4055784e-02
   1.0926575e-01   6.3052716e-01   5.1595157e-02
   1.1580171e-01   6.3414112e-01   5.2825471e-02
   1.2379865e-01   6.3783194e-01   5.5286098e-02
   1.3179559e-01   6.4152276e-01   5.7746725e-02
   1.3979253e-01   6.4521359e-01   6.0207353e-02
   1.4778947e-01   6.4890441e-01   6.2667980e-02
   1.5578641e-01   6.5259524e-01   6.5128608e-02
   1.6378335e-01   6.5628606e-01   6.7589235e-02
   1.7178029e-01   6.5997688e-01   7.0049863e-02
   1.7977724e-01   6.6366771e-01   7.2510490e-02
   1.8777418e-01   6.6735853e-01   7.4971118e-02
   1.9577112e-01   6.7104935e-01   7.7431745e-02
   2.0376806e-01   6.7474018e-01   7.9892373e-02
   2.1176500e-01   6.7843100e-01   8.2353000e-02
   2.2006947e-01   6.8181437e-01   8.4813549e-02
   2.2837394e-01   6.8519775e-01   8.7274098e-02
   2.3667841e-01   6.8858112e-01   8.9734647e-02
   2.4498288e-01   6.9196449e-01   9.2195196e-02
   2.5328735e-01   6.9534786e-01   9.4655745e-02
   2.6159182e-01   6.9873124e-01   9.7116294e-02
   2.6989629e-01   7.0211461e-01   9.9576843e-02
   2.7820076e-01   7.0549798e-01   1.0203739e-01
   2.8650524e-01   7.0888135e-01   1.0449794e-01
   2.9480971e-01   7.1226473e-01   1.0695849e-01
   3.0311418e-01   7.1564810e-01   1.0941904e-01
   3.1141865e-01   7.1903147e-01   1.1187959e-01
   3.1987692e-01   7.2233792e-01   1.1464773e-01
   3.2879661e-01   7.2541361e-01   1.1833863e-01
   3.3771629e-01   7.2848929e-01   1.2202953e-01
   3.4663598e-01   7.3156498e-01   1.2572043e-01
   3.5555567e-01   7.3464067e-01   1.2941133e-01
   3.6447535e-01   7.3771635e-01   1.3310224e-01
   3.7339504e-01   7.4079204e-01   1.3679314e-01
   3.8231473e-01   7.4386773e-01   1.4048404e-01
   3.9123441e-01   7.4694341e-01   1.4417494e-01
   4.0015410e-01   7.5001910e-01   1.4786584e-01
   4.0907378e-01   7.5309478e-01   1.5155675e-01
   4.1799347e-01   7.5617047e-01   1.5524765e-01
   4.2691316e-01   7.5924616e-01   1.5893855e-01
   4.3629418e-01   7.6232188e-01   1.6385976e-01
   4.4613653e-01   7.6539765e-01   1.7001129e-01
   4.5597888e-01   7.6847341e-01   1.7616282e-01
   4.6582124e-01   7.7154918e-01   1.8231435e-01
   4.7566359e-01   7.7462494e-01   1.8846588e-01
   4.8550594e-01   7.7770071e-01   1.9461741e-01
   4.9534829e-01   7.8077647e-01   2.0076894e-01
   5.0519065e-01   7.8385224e-01   2.0692047e-01
   5.1503300e-01   7.8692800e-01   2.1307200e-01
   5.2487535e-01   7.9000376e-01   2.1922353e-01
   5.3471771e-01   7.9307953e-01   2.2537506e-01
   5.4456006e-01   7.9615529e-01   2.3152659e-01
   5.5440241e-01   7.9923106e-01   2.3767812e-01
   5.6332206e-01   8.0230682e-01   2.4244553e-01
   5.7193414e-01   8.0538259e-01   2.4675157e-01
   5.8054622e-01   8.0845835e-01   2.5105761e-01
   5.8915829e-01   8.1153412e-01   2.5536365e-01
   5.9777037e-01   8.1460988e-01   2.5966969e-01
   6.0638245e-01   8.1768565e-01   2.6397573e-01
   6.1499453e-01   8.2076141e-01   2.6828176e-01
   6.2360661e-01   8.2383718e-01   2.7258780e-01
   6.3221869e-01   8.2691294e-01   2.7689384e-01
   6.4083076e-01   8.2998871e-01   2.8119988e-01
   6.4944284e-01   8.3306447e-01   2.8550592e-01
   6.5805492e-01   8.3614024e-01   2.8981196e-01
   6.6666700e-01   8.3921600e-01   2.9411800e-01
   6.7589422e-01   8.4229169e-01   3.0211486e-01
   6.8512143e-01   8.4536737e-01   3.1011173e-01
   6.9434865e-01   8.4844306e-01   3.1810859e-01
   7.0357586e-01   8.5151875e-01   3.2610545e-01
   7.1280308e-01   8.5459443e-01   3.3410231e-01
   7.2203029e-01   8.5767012e-01   3.4209918e-01
   7.3125751e-01   8.6074580e-01   3.5009604e-01
   7.4048473e-01   8.6382149e-01   3.5809290e-01
   7.4971194e-01   8.6689718e-01   3.6608976e-01
   7.5893916e-01   8.6997286e-01   3.7408663e-01
   7.6816637e-01   8.7304855e-01   3.8208349e-01
   7.7739359e-01   8.7612424e-01   3.9008035e-01
   7.8631324e-01   8.7927684e-01   3.9876927e-01
   7.9431018e-01   8.8266022e-01   4.0953437e-01
   8.0230712e-01   8.8604359e-01   4.2029947e-01
   8.1030406e-01   8.8942696e-01   4.3106457e-01
   8.1830100e-01   8.9281033e-01   4.4182967e-01
   8.2629794e-01   8.9619371e-01   4.5259476e-01
   8.3429488e-01   8.9957708e-01   4.6335986e-01
   8.4229182e-01   9.0296045e-01   4.7412496e-01
   8.5028876e-01   9.0634382e-01   4.8489006e-01
   8.5828571e-01   9.0972720e-01   4.9565516e-01
   8.6628265e-01   9.1311057e-01   5.0642025e-01
   8.7427959e-01   9.1649394e-01   5.1718535e-01
   8.8227653e-01   9.1987731e-01   5.2795045e-01
   8.8919692e-01   9.2264551e-01   5.3871555e-01
   8.9504076e-01   9.2479853e-01   5.4948065e-01
   9.0088461e-01   9.2695155e-01   5.6024575e-01
   9.0672845e-01   9.2910457e-01   5.7101084e-01
   9.1257229e-01   9.3125759e-01   5.8177594e-01
   9.1841614e-01   9.3341061e-01   5.9254104e-01
   9.2425998e-01   9.3556363e-01   6.0330614e-01
   9.3010382e-01   9.3771665e-01   6.1407124e-01
   9.3594767e-01   9.3986967e-01   6.2483633e-01
   9.4179151e-01   9.4202269e-01   6.3560143e-01
   9.4763535e-01   9.4417571e-01   6.4636653e-01
   9.5347920e-01   9.4632873e-01   6.5713163e-01
   9.5932304e-01   9.4848175e-01   6.6789673e-01
   9.6309082e-01   9.5109612e-01   6.8419818e-01
   9.6616659e-01   9.5386427e-01   7.0234508e-01
   9.6924235e-01   9.5663243e-01   7.2049198e-01
   9.7231812e-01   9.5940059e-01   7.3863888e-01
   9.7539388e-01   9.6216875e-01   7.5678578e-01
   9.7846965e-01   9.6493690e-01   7.7493269e-01
   9.8154541e-01   9.6770506e-01   7.9307959e-01
   9.8462118e-01   9.7047322e-01   8.1122649e-01
   9.8769694e-01   9.7324137e-01   8.2937339e-01
   9.9077271e-01   9.7600953e-01   8.4752029e-01
   9.9384847e-01   9.7877769e-01   8.6566720e-01
   9.9692424e-01   9.8154584e-01   8.8381410e-01
   1.0000000e+00   9.8431400e-01   9.0196100e-01
