   1.0000000e+00   9.8823500e-01   9.6862700e-01
   1.0000000e+00   9.8392896e-01   9.5324833e-01
   1.0000000e+00   9.7962292e-01   9.3786967e-01
   1.0000000e+00   9.7531688e-01   9.2249100e-01
   1.0000000e+00   9.7101084e-01   9.0711233e-01
   1.0000000e+00   9.6670480e-01   8.9173367e-01
   1.0000000e+00   9.6239876e-01   8.7635500e-01
   9.9692422e-01   9.5693939e-01   8.6020741e-01
   9.9200296e-01   9.5078802e-01   8.4359847e-01
   9.8708171e-01   9.4463665e-01   8.2698953e-01
   9.8216045e-01   9.3848527e-01   8.1038059e-01
   9.7723920e-01   9.3233390e-01   7.9377165e-01
   9.7231794e-01   9.2618253e-01   7.7716271e-01
   9.6831943e-01   9.2126139e-01   7.6101510e-01
   9.6708916e-01   9.2003096e-01   7.4625149e-01
   9.6585888e-01   9.1880053e-01   7.3148788e-01
   9.6462861e-01   9.1757010e-01   7.1672427e-01
   9.6339833e-01   9.1633967e-01   7.0196067e-01
   9.6216806e-01   9.1510924e-01   6.8719706e-01
   9.6093778e-01   9.1387880e-01   6.7243345e-01
   9.5809271e-01   9.1264851e-01   6.6089945e-01
   9.5501694e-01   9.1141824e-01   6.4982682e-01
   9.5194118e-01   9.1018796e-01   6.3875420e-01
   9.4886541e-01   9.0895769e-01   6.2768157e-01
   9.4578965e-01   9.0772741e-01   6.1660894e-01
   9.4271388e-01   9.0649714e-01   6.0553631e-01
   9.4025333e-01   9.0680475e-01   5.9538635e-01
   9.3840800e-01   9.0865024e-01   5.8615906e-01
   9.3656267e-01   9.1049573e-01   5.7693176e-01
   9.3471733e-01   9.1234122e-01   5.6770447e-01
   9.3287200e-01   9.1418671e-01   5.5847718e-01
   9.3102667e-01   9.1603220e-01   5.4924988e-01
   9.2879684e-01   9.1749322e-01   5.4040708e-01
   9.2387559e-01   9.1626294e-01   5.3425571e-01
   9.1895433e-01   9.1503267e-01   5.2810433e-01
   9.1403308e-01   9.1380239e-01   5.2195296e-01
   9.0911182e-01   9.1257212e-01   5.1580159e-01
   9.0419057e-01   9.1134184e-01   5.0965022e-01
   8.9926931e-01   9.1011157e-01   5.0349884e-01
   8.9204135e-01   9.0749718e-01   4.9734735e-01
   8.8404449e-01   9.0442141e-01   4.9119582e-01
   8.7604763e-01   9.0134565e-01   4.8504429e-01
   8.6805076e-01   8.9826988e-01   4.7889276e-01
   8.6005390e-01   8.9519412e-01   4.7274124e-01
   8.5205704e-01   8.9211835e-01   4.6658971e-01
   8.4267606e-01   8.8835059e-01   4.6089959e-01
   8.3098822e-01   8.8342949e-01   4.5597849e-01
   8.1930037e-01   8.7850839e-01   4.5105739e-01
   8.0761253e-01   8.7358729e-01   4.4613629e-01
   7.9592469e-01   8.6866620e-01   4.4121520e-01
   7.8423684e-01   8.6374510e-01   4.3629410e-01
   7.7254900e-01   8.5882400e-01   4.3137300e-01
   7.5901582e-01   8.5451796e-01   4.2645175e-01
   7.4548265e-01   8.5021192e-01   4.2153049e-01
   7.3194947e-01   8.4590588e-01   4.1660924e-01
   7.1841629e-01   8.4159984e-01   4.1168798e-01
   7.0488312e-01   8.3729380e-01   4.0676673e-01
   6.9134994e-01   8.3298776e-01   4.0184547e-01
   6.7820118e-01   8.2829722e-01   3.9692422e-01
   6.6528306e-01   8.2337596e-01   3.9200296e-01
   6.5236494e-01   8.1845471e-01   3.8708171e-01
   6.3944682e-01   8.1353345e-01   3.8216045e-01
   6.2652871e-01   8.0861220e-01   3.7723920e-01
   6.1361059e-01   8.0369094e-01   3.7231794e-01
   6.0053867e-01   7.9876969e-01   3.6739673e-01
   5.8700533e-01   7.9384843e-01   3.6247563e-01
   5.7347200e-01   7.8892718e-01   3.5755453e-01
   5.5993867e-01   7.8400592e-01   3.5263343e-01
   5.4640533e-01   7.7908467e-01   3.4771233e-01
   5.3287200e-01   7.7416341e-01   3.4279124e-01
   5.1933867e-01   7.6924216e-01   3.3787014e-01
   5.0365235e-01   7.6216806e-01   3.3241073e-01
   4.8765847e-01   7.5478641e-01   3.2687441e-01
   4.7166459e-01   7.4740476e-01   3.2133810e-01
   4.5567071e-01   7.4002312e-01   3.1580178e-01
   4.3967682e-01   7.3264147e-01   3.1026547e-01
   4.2368294e-01   7.2525982e-01   3.0472916e-01
   4.0861180e-01   7.1818563e-01   2.9950037e-01
   3.9446341e-01   7.1141888e-01   2.9457912e-01
   3.8031502e-01   7.0465214e-01   2.8965786e-01
   3.6616663e-01   6.9788539e-01   2.8473661e-01
   3.5201824e-01   6.9111865e-01   2.7981535e-01
   3.3786984e-01   6.8435190e-01   2.7489410e-01
   3.2395214e-01   6.7789275e-01   2.7012665e-01
   3.1164924e-01   6.7358671e-01   2.6643582e-01
   2.9934633e-01   6.6928067e-01   2.6274500e-01
   2.8704343e-01   6.6497463e-01   2.5905418e-01
   2.7474053e-01   6.6066859e-01   2.5536335e-01
   2.6243763e-01   6.5636255e-01   2.5167253e-01
   2.5013473e-01   6.5205651e-01   2.4798171e-01
   2.4382947e-01   6.4636647e-01   2.4936582e-01
   2.3952343e-01   6.4021510e-01   2.5244159e-01
   2.3521739e-01   6.3406373e-01   2.5551735e-01
   2.3091135e-01   6.2791235e-01   2.5859312e-01
   2.2660531e-01   6.2176098e-01   2.6166888e-01
   2.2229927e-01   6.1560961e-01   2.6474465e-01
   2.1799324e-01   6.0991953e-01   2.6758971e-01
   2.1368720e-01   6.0499827e-01   2.7005025e-01
   2.0938116e-01   6.0007702e-01   2.7251080e-01
   2.0507512e-01   5.9515576e-01   2.7497135e-01
   2.0076908e-01   5.9023451e-01   2.7743190e-01
   1.9646304e-01   5.8531325e-01   2.7989245e-01
   1.9215700e-01   5.8039200e-01   2.8235300e-01
   1.8662069e-01   5.7731624e-01   2.8358327e-01
   1.8108437e-01   5.7424047e-01   2.8481355e-01
   1.7554806e-01   5.7116471e-01   2.8604382e-01
   1.7001175e-01   5.6808894e-01   2.8727410e-01
   1.6447543e-01   5.6501318e-01   2.8850437e-01
   1.5893912e-01   5.6193741e-01   2.8973465e-01
   1.5301829e-01   5.5886165e-01   2.9058051e-01
   1.4686676e-01   5.5578588e-01   2.9119573e-01
   1.4071524e-01   5.5271012e-01   2.9181094e-01
   1.3456371e-01   5.4963435e-01   2.9242616e-01
   1.2841218e-01   5.4655859e-01   2.9304137e-01
   1.2226065e-01   5.4348282e-01   2.9365659e-01
   1.1657049e-01   5.4040710e-01   2.9457933e-01
   1.1226445e-01   5.3733149e-01   2.9642467e-01
   1.0795841e-01   5.3425588e-01   2.9827000e-01
   1.0365237e-01   5.3118027e-01   3.0011533e-01
   9.9346333e-02   5.2810467e-01   3.0196067e-01
   9.5040294e-02   5.2502906e-01   3.0380600e-01
   9.0734255e-02   5.2195345e-01   3.0565133e-01
   8.7504706e-02   5.1995420e-01   3.0857329e-01
   8.4428941e-02   5.1810871e-01   3.1164906e-01
   8.1353176e-02   5.1626322e-01   3.1472482e-01
   7.8277412e-02   5.1441773e-01   3.1780059e-01
   7.5201647e-02   5.1257224e-01   3.2087635e-01
   7.2125882e-02   5.1072675e-01   3.2395212e-01
   7.1510745e-02   5.0980400e-01   3.2887329e-01
   7.3356235e-02   5.0980400e-01   3.3563988e-01
   7.5201725e-02   5.0980400e-01   3.4240647e-01
   7.7047216e-02   5.0980400e-01   3.4917306e-01
   7.8892706e-02   5.0980400e-01   3.5593965e-01
   8.0738196e-02   5.0980400e-01   3.6270624e-01
   8.2506784e-02   5.1003469e-01   3.6947284e-01
   8.3737059e-02   5.1188018e-01   3.7623959e-01
   8.4967333e-02   5.1372567e-01   3.8300633e-01
   8.6197608e-02   5.1557116e-01   3.8977308e-01
   8.7427882e-02   5.1741665e-01   3.9653982e-01
   8.8658157e-02   5.1926214e-01   4.0330657e-01
   8.9888431e-02   5.2110763e-01   4.1007331e-01
   9.0657412e-02   5.2249171e-01   4.1730135e-01
   9.1272627e-02   5.2372198e-01   4.2468316e-01
   9.1887843e-02   5.2495225e-01   4.3206496e-01
   9.2503059e-02   5.2618253e-01   4.3944676e-01
   9.3118275e-02   5.2741280e-01   4.4682857e-01
   9.3733490e-02   5.2864308e-01   4.5421037e-01
   9.4579353e-02   5.3010400e-01   4.6136147e-01
   9.5809627e-02   5.3194933e-01   4.6812806e-01
   9.7039902e-02   5.3379467e-01   4.7489465e-01
   9.8270176e-02   5.3564000e-01   4.8166124e-01
   9.9500451e-02   5.3748533e-01   4.8842782e-01
   1.0073073e-01   5.3933067e-01   4.9519441e-01
   1.0196100e-01   5.4117600e-01   5.0196100e-01
   1.0380633e-01   5.4240643e-01   5.0934280e-01
   1.0565167e-01   5.4363686e-01   5.1672461e-01
   1.0749700e-01   5.4486729e-01   5.2410641e-01
   1.0934233e-01   5.4609773e-01   5.3148822e-01
   1.1118767e-01   5.4732816e-01   5.3887002e-01
   1.1303300e-01   5.4855859e-01   5.4625182e-01
   1.1526294e-01   5.4709765e-01   5.5017333e-01
   1.1772365e-01   5.4402188e-01   5.5201867e-01
   1.2018435e-01   5.4094612e-01   5.5386400e-01
   1.2264506e-01   5.3787035e-01   5.5570933e-01
   1.2510576e-01   5.3479459e-01   5.5755467e-01
   1.2756647e-01   5.3171882e-01   5.5940000e-01
   1.3002714e-01   5.2910443e-01   5.6155294e-01
   1.3248769e-01   5.2787416e-01   5.6462871e-01
   1.3494824e-01   5.2664388e-01   5.6770447e-01
   1.3740878e-01   5.2541361e-01   5.7078024e-01
   1.3986933e-01   5.2418333e-01   5.7385600e-01
   1.4232988e-01   5.2295306e-01   5.7693176e-01
   1.4479043e-01   5.2172278e-01   5.8000753e-01
   1.4671280e-01   5.1833939e-01   5.8308329e-01
   1.4855829e-01   5.1464841e-01   5.8615906e-01
   1.5040378e-01   5.1095743e-01   5.8923482e-01
   1.5224927e-01   5.0726645e-01   5.9231059e-01
   1.5409476e-01   5.0357547e-01   5.9538635e-01
   1.5594025e-01   4.9988449e-01   5.9846212e-01
   1.5747814e-01   4.9404057e-01   6.0092275e-01
   1.5870841e-01   4.8604371e-01   6.0276824e-01
   1.5993869e-01   4.7804684e-01   6.0461373e-01
   1.6116896e-01   4.7004998e-01   6.0645922e-01
   1.6239924e-01   4.6205312e-01   6.0830471e-01
   1.6362951e-01   4.5405625e-01   6.1015020e-01
   1.6485978e-01   4.4605937e-01   6.1191878e-01
   1.6609006e-01   4.3806235e-01   6.1314906e-01
   1.6732033e-01   4.3006533e-01   6.1437933e-01
   1.6855061e-01   4.2206831e-01   6.1560961e-01
   1.6978088e-01   4.1407129e-01   6.1683988e-01
   1.7101116e-01   4.0607427e-01   6.1807016e-01
   1.7224143e-01   3.9807725e-01   6.1930043e-01
   1.7301041e-01   3.8961894e-01   6.2099212e-01
   1.7362563e-01   3.8100686e-01   6.2283761e-01
   1.7424084e-01   3.7239478e-01   6.2468310e-01
   1.7485606e-01   3.6378271e-01   6.2652859e-01
   1.7547127e-01   3.5517063e-01   6.2837408e-01
   1.7608649e-01   3.4655855e-01   6.3021957e-01
   1.7693235e-01   3.3956124e-01   6.3183435e-01
   1.7816263e-01   3.3525520e-01   6.3306463e-01
   1.7939290e-01   3.3094916e-01   6.3429490e-01
   1.8062318e-01   3.2664312e-01   6.3552518e-01
   1.8185345e-01   3.2233708e-01   6.3675545e-01
   1.8308373e-01   3.1803104e-01   6.3798573e-01
   1.8431400e-01   3.1372500e-01   6.3921600e-01
   1.8431400e-01   3.0757363e-01   6.3614024e-01
   1.8431400e-01   3.0142225e-01   6.3306447e-01
   1.8431400e-01   2.9527088e-01   6.2998871e-01
   1.8431400e-01   2.8911951e-01   6.2691294e-01
   1.8431400e-01   2.8296814e-01   6.2383718e-01
   1.8431400e-01   2.7681676e-01   6.2076141e-01
   1.8431400e-01   2.7066529e-01   6.1768565e-01
   1.8431400e-01   2.6451376e-01   6.1460988e-01
   1.8431400e-01   2.5836224e-01   6.1153412e-01
   1.8431400e-01   2.5221071e-01   6.0845835e-01
   1.8431400e-01   2.4605918e-01   6.0538259e-01
   1.8431400e-01   2.3990765e-01   6.0230682e-01
   1.8431400e-01   2.3390992e-01   5.9923106e-01
   1.8431400e-01   2.2837361e-01   5.9615529e-01
   1.8431400e-01   2.2283729e-01   5.9307953e-01
   1.8431400e-01   2.1730098e-01   5.9000376e-01
   1.8431400e-01   2.1176467e-01   5.8692800e-01
   1.8431400e-01   2.0622835e-01   5.8385224e-01
   1.8431400e-01   2.0069204e-01   5.8077647e-01
   1.8861996e-01   1.9946169e-01   5.7770071e-01
   1.9354106e-01   1.9884647e-01   5.7462494e-01
   1.9846216e-01   1.9823125e-01   5.7154918e-01
   2.0338325e-01   1.9761604e-01   5.6847341e-01
   2.0830435e-01   1.9700082e-01   5.6539765e-01
   2.1322545e-01   1.9638561e-01   5.6232188e-01
   2.1722388e-01   1.9577047e-01   5.5678557e-01
   2.2029965e-01   1.9515541e-01   5.4878871e-01
   2.2337541e-01   1.9454035e-01   5.4079184e-01
   2.2645118e-01   1.9392529e-01   5.3279498e-01
   2.2952694e-01   1.9331024e-01   5.2479812e-01
   2.3260271e-01   1.9269518e-01   5.1680125e-01
   2.3583225e-01   1.9231078e-01   5.0918884e-01
   2.4013829e-01   1.9354106e-01   5.0426759e-01
   2.4444433e-01   1.9477133e-01   4.9934633e-01
   2.4875037e-01   1.9600161e-01   4.9442508e-01
   2.5305641e-01   1.9723188e-01   4.8950382e-01
   2.5736245e-01   1.9846216e-01   4.8458257e-01
   2.6166849e-01   1.9969243e-01   4.7966131e-01
   2.6551324e-01   2.0230682e-01   4.7381747e-01
   2.6920422e-01   2.0538259e-01   4.6766610e-01
   2.7289520e-01   2.0845835e-01   4.6151473e-01
   2.7658618e-01   2.1153412e-01   4.5536335e-01
   2.8027716e-01   2.1460988e-01   4.4921198e-01
   2.8396814e-01   2.1768565e-01   4.4306061e-01
   2.8719771e-01   2.2076141e-01   4.3690918e-01
   2.8965825e-01   2.2383718e-01   4.3075765e-01
   2.9211880e-01   2.2691294e-01   4.2460612e-01
   2.9457935e-01   2.2998871e-01   4.1845459e-01
   2.9703990e-01   2.3306447e-01   4.1230306e-01
   2.9950045e-01   2.3614024e-01   4.0615153e-01
   3.0196100e-01   2.3921600e-01   4.0000000e-01
