   9.8431400e-01   9.8823500e-01   9.4902000e-01
   9.7970035e-01   9.8608198e-01   9.3948518e-01
   9.7508671e-01   9.8392896e-01   9.2995035e-01
   9.7047306e-01   9.8177594e-01   9.2041553e-01
   9.6585941e-01   9.7962292e-01   9.1088071e-01
   9.6124576e-01   9.7746990e-01   9.0134588e-01
   9.5663212e-01   9.7531688e-01   8.9181106e-01
   9.5201847e-01   9.7316386e-01   8.8227624e-01
   9.4740482e-01   9.7101084e-01   8.7274141e-01
   9.4279118e-01   9.6885782e-01   8.6320659e-01
   9.3817753e-01   9.6670480e-01   8.5367176e-01
   9.3356388e-01   9.6455178e-01   8.4413694e-01
   9.2895024e-01   9.6239876e-01   8.3460212e-01
   9.2418282e-01   9.6055333e-01   8.2575933e-01
   9.1895412e-01   9.5963067e-01   8.1899267e-01
   9.1372541e-01   9.5870800e-01   8.1222600e-01
   9.0849671e-01   9.5778533e-01   8.0545933e-01
   9.0326800e-01   9.5686267e-01   7.9869267e-01
   8.9803929e-01   9.5594000e-01   7.9192600e-01
   8.9281059e-01   9.5501733e-01   7.8515933e-01
   8.8758188e-01   9.5409467e-01   7.7839267e-01
   8.8235318e-01   9.5317200e-01   7.7162600e-01
   8.7712447e-01   9.5224933e-01   7.6485933e-01
   8.7189576e-01   9.5132667e-01   7.5809267e-01
   8.6666706e-01   9.5040400e-01   7.5132600e-01
   8.6143835e-01   9.4948133e-01   7.4455933e-01
   8.5620961e-01   9.4871239e-01   7.3933059e-01
   8.5098082e-01   9.4809718e-01   7.3563976e-01
   8.4575204e-01   9.4748196e-01   7.3194894e-01
   8.4052325e-01   9.4686675e-01   7.2825812e-01
   8.3529447e-01   9.4625153e-01   7.2456729e-01
   8.3006569e-01   9.4563631e-01   7.2087647e-01
   8.2483690e-01   9.4502110e-01   7.1718565e-01
   8.1960812e-01   9.4440588e-01   7.1349482e-01
   8.1437933e-01   9.4379067e-01   7.0980400e-01
   8.0915055e-01   9.4317545e-01   7.0611318e-01
   8.0392176e-01   9.4256024e-01   7.0242235e-01
   7.9869298e-01   9.4194502e-01   6.9873153e-01
   7.9346420e-01   9.4132980e-01   6.9504071e-01
   7.8569794e-01   9.4048400e-01   6.9042712e-01
   7.7708586e-01   9.3956133e-01   6.8550594e-01
   7.6847378e-01   9.3863867e-01   6.8058476e-01
   7.5986171e-01   9.3771600e-01   6.7566359e-01
   7.5124963e-01   9.3679333e-01   6.7074241e-01
   7.4263755e-01   9.3587067e-01   6.6582124e-01
   7.3402547e-01   9.3494800e-01   6.6090006e-01
   7.2541339e-01   9.3402533e-01   6.5597888e-01
   7.1680131e-01   9.3310267e-01   6.5105771e-01
   7.0818924e-01   9.3218000e-01   6.4613653e-01
   6.9957716e-01   9.3125733e-01   6.4121535e-01
   6.9096508e-01   9.3033467e-01   6.3629418e-01
   6.8235300e-01   9.2941200e-01   6.3137300e-01
   6.7497120e-01   9.2879686e-01   6.2983512e-01
   6.6758939e-01   9.2818173e-01   6.2829724e-01
   6.6020759e-01   9.2756659e-01   6.2675935e-01
   6.5282578e-01   9.2695145e-01   6.2522147e-01
   6.4544398e-01   9.2633631e-01   6.2368359e-01
   6.3806218e-01   9.2572118e-01   6.2214571e-01
   6.3068037e-01   9.2510604e-01   6.2060782e-01
   6.2329857e-01   9.2449090e-01   6.1906994e-01
   6.1591676e-01   9.2387576e-01   6.1753206e-01
   6.0853496e-01   9.2326063e-01   6.1599418e-01
   6.0115316e-01   9.2264549e-01   6.1445629e-01
   5.9377135e-01   9.2203035e-01   6.1291841e-01
   5.8715849e-01   9.2156900e-01   6.1207257e-01
   5.8285245e-01   9.2156900e-01   6.1330284e-01
   5.7854641e-01   9.2156900e-01   6.1453312e-01
   5.7424037e-01   9.2156900e-01   6.1576339e-01
   5.6993433e-01   9.2156900e-01   6.1699367e-01
   5.6562829e-01   9.2156900e-01   6.1822394e-01
   5.6132225e-01   9.2156900e-01   6.1945422e-01
   5.5809271e-01   9.2264549e-01   6.2283747e-01
   5.5501694e-01   9.2387576e-01   6.2652829e-01
   5.5194118e-01   9.2510604e-01   6.3021912e-01
   5.4886541e-01   9.2633631e-01   6.3390994e-01
   5.4578965e-01   9.2756659e-01   6.3760076e-01
   5.4271388e-01   9.2879686e-01   6.4129159e-01
   5.3933059e-01   9.3033467e-01   6.4529002e-01
   5.3563976e-01   9.3218000e-01   6.4959606e-01
   5.3194894e-01   9.3402533e-01   6.5390210e-01
   5.2825812e-01   9.3587067e-01   6.5820814e-01
   5.2456729e-01   9.3771600e-01   6.6251418e-01
   5.2087647e-01   9.3956133e-01   6.6682022e-01
   5.1718565e-01   9.4132980e-01   6.7128004e-01
   5.1349482e-01   9.4256024e-01   6.7681635e-01
   5.0980400e-01   9.4379067e-01   6.8235267e-01
   5.0611318e-01   9.4502110e-01   6.8788898e-01
   5.0242235e-01   9.4625153e-01   6.9342529e-01
   4.9873153e-01   9.4748196e-01   6.9896161e-01
   4.9504071e-01   9.4871239e-01   7.0449792e-01
   4.9181118e-01   9.4671318e-01   7.0818882e-01
   4.8873541e-01   9.4363741e-01   7.1126459e-01
   4.8565965e-01   9.4056165e-01   7.1434035e-01
   4.8258388e-01   9.3748588e-01   7.1741612e-01
   4.7950812e-01   9.3441012e-01   7.2049188e-01
   4.7643235e-01   9.3133435e-01   7.2356765e-01
   4.7358729e-01   9.2895065e-01   7.2710476e-01
   4.7112675e-01   9.2772037e-01   7.3141080e-01
   4.6866620e-01   9.2649010e-01   7.3571684e-01
   4.6620565e-01   9.2525982e-01   7.4002288e-01
   4.6374510e-01   9.2402955e-01   7.4432892e-01
   4.6128455e-01   9.2279927e-01   7.4863496e-01
   4.5882400e-01   9.2156900e-01   7.5294100e-01
   4.5451796e-01   9.1849324e-01   7.5786225e-01
   4.5021192e-01   9.1541747e-01   7.6278351e-01
   4.4590588e-01   9.1234171e-01   7.6770476e-01
   4.4159984e-01   9.0926594e-01   7.7262602e-01
   4.3729380e-01   9.0619018e-01   7.7754727e-01
   4.3298776e-01   9.0311441e-01   7.8246853e-01
   4.2868173e-01   9.0196100e-01   7.8738969e-01
   4.2437569e-01   9.0196100e-01   7.9231078e-01
   4.2006965e-01   9.0196100e-01   7.9723188e-01
   4.1576361e-01   9.0196100e-01   8.0215298e-01
   4.1145757e-01   9.0196100e-01   8.0707408e-01
   4.0715153e-01   9.0196100e-01   8.1199518e-01
   4.0315306e-01   9.0149963e-01   8.1691631e-01
   4.0007729e-01   8.9965414e-01   8.2183757e-01
   3.9700153e-01   8.9780865e-01   8.2675882e-01
   3.9392576e-01   8.9596316e-01   8.3168008e-01
   3.9085000e-01   8.9411767e-01   8.3660133e-01
   3.8777424e-01   8.9227218e-01   8.4152259e-01
   3.8469847e-01   8.9042669e-01   8.4644384e-01
   3.8000790e-01   8.8858120e-01   8.5136496e-01
   3.7508665e-01   8.8673571e-01   8.5628606e-01
   3.7016539e-01   8.8489022e-01   8.6120716e-01
   3.6524414e-01   8.8304473e-01   8.6612825e-01
   3.6032288e-01   8.8119924e-01   8.7104935e-01
   3.5540163e-01   8.7935375e-01   8.7597045e-01
   3.5201829e-01   8.7566284e-01   8.7812343e-01
   3.5017288e-01   8.7012653e-01   8.7750829e-01
   3.4832747e-01   8.6459022e-01   8.7689316e-01
   3.4648206e-01   8.5905390e-01   8.7627802e-01
   3.4463665e-01   8.5351759e-01   8.7566288e-01
   3.4279124e-01   8.4798127e-01   8.7504775e-01
   3.4094582e-01   8.4244496e-01   8.7443261e-01
   3.3910041e-01   8.3690865e-01   8.7381747e-01
   3.3725500e-01   8.3137233e-01   8.7320233e-01
   3.3540959e-01   8.2583602e-01   8.7258720e-01
   3.3356418e-01   8.2029971e-01   8.7197206e-01
   3.3171876e-01   8.1476339e-01   8.7135692e-01
   3.2987335e-01   8.0922708e-01   8.7074178e-01
   3.2710518e-01   8.0207600e-01   8.6943459e-01
   3.2402941e-01   7.9438667e-01   8.6789671e-01
   3.2095365e-01   7.8669733e-01   8.6635882e-01
   3.1787788e-01   7.7900800e-01   8.6482094e-01
   3.1480212e-01   7.7131867e-01   8.6328306e-01
   3.1172635e-01   7.6362933e-01   8.6174518e-01
   3.0865059e-01   7.5594000e-01   8.6020729e-01
   3.0557482e-01   7.4825067e-01   8.5866941e-01
   3.0249906e-01   7.4056133e-01   8.5713153e-01
   2.9942329e-01   7.3287200e-01   8.5559365e-01
   2.9634753e-01   7.2518267e-01   8.5405576e-01
   2.9327176e-01   7.1749333e-01   8.5251788e-01
   2.9019600e-01   7.0980400e-01   8.5098000e-01
   2.8712024e-01   7.0303733e-01   8.5005733e-01
   2.8404447e-01   6.9627067e-01   8.4913467e-01
   2.8096871e-01   6.8950400e-01   8.4821200e-01
   2.7789294e-01   6.8273733e-01   8.4728933e-01
   2.7481718e-01   6.7597067e-01   8.4636667e-01
   2.7174141e-01   6.6920400e-01   8.4544400e-01
   2.6866565e-01   6.6243733e-01   8.4452133e-01
   2.6558988e-01   6.5567067e-01   8.4359867e-01
   2.6251412e-01   6.4890400e-01   8.4267600e-01
   2.5943835e-01   6.4213733e-01   8.4175333e-01
   2.5636259e-01   6.3537067e-01   8.4083067e-01
   2.5328682e-01   6.2860400e-01   8.3990800e-01
   2.5051865e-01   6.2199114e-01   8.3998492e-01
   2.4867324e-01   6.1583969e-01   8.4306061e-01
   2.4682782e-01   6.0968824e-01   8.4613629e-01
   2.4498241e-01   6.0353678e-01   8.4921198e-01
   2.4313700e-01   5.9738533e-01   8.5228767e-01
   2.4129159e-01   5.9123388e-01   8.5536335e-01
   2.3944618e-01   5.8508243e-01   8.5843904e-01
   2.3760076e-01   5.7893098e-01   8.6151473e-01
   2.3575535e-01   5.7277953e-01   8.6459041e-01
   2.3390994e-01   5.6662808e-01   8.6766610e-01
   2.3206453e-01   5.6047663e-01   8.7074178e-01
   2.3021912e-01   5.5432518e-01   8.7381747e-01
   2.2837371e-01   5.4817373e-01   8.7689316e-01
   2.2775857e-01   5.4248361e-01   8.7689316e-01
   2.2837371e-01   5.3725482e-01   8.7381747e-01
   2.2898884e-01   5.3202604e-01   8.7074178e-01
   2.2960398e-01   5.2679725e-01   8.6766610e-01
   2.3021912e-01   5.2156847e-01   8.6459041e-01
   2.3083425e-01   5.1633969e-01   8.6151473e-01
   2.3144939e-01   5.1111090e-01   8.5843904e-01
   2.3206453e-01   5.0588212e-01   8.5536335e-01
   2.3267967e-01   5.0065333e-01   8.5228767e-01
   2.3329480e-01   4.9542455e-01   8.4921198e-01
   2.3390994e-01   4.9019576e-01   8.4613629e-01
   2.3452508e-01   4.8496698e-01   8.4306061e-01
   2.3514022e-01   4.7973820e-01   8.3998492e-01
   2.3575535e-01   4.7497082e-01   8.3575576e-01
   2.3637049e-01   4.7035725e-01   8.3114212e-01
   2.3698563e-01   4.6574369e-01   8.2652847e-01
   2.3760076e-01   4.6113012e-01   8.2191482e-01
   2.3821590e-01   4.5651655e-01   8.1730118e-01
   2.3883104e-01   4.5190298e-01   8.1268753e-01
   2.3944618e-01   4.4728941e-01   8.0807388e-01
   2.4006131e-01   4.4267584e-01   8.0346024e-01
   2.4067645e-01   4.3806227e-01   7.9884659e-01
   2.4129159e-01   4.3344871e-01   7.9423294e-01
   2.4190673e-01   4.2883514e-01   7.8961929e-01
   2.4252186e-01   4.2422157e-01   7.8500565e-01
   2.4313700e-01   4.1960800e-01   7.8039200e-01
   2.4375214e-01   4.1714737e-01   7.7731624e-01
   2.4436727e-01   4.1468675e-01   7.7424047e-01
   2.4498241e-01   4.1222612e-01   7.7116471e-01
   2.4559755e-01   4.0976549e-01   7.6808894e-01
   2.4621269e-01   4.0730486e-01   7.6501318e-01
   2.4682782e-01   4.0484424e-01   7.6193741e-01
   2.4744296e-01   4.0238361e-01   7.5886165e-01
   2.4805810e-01   3.9992298e-01   7.5578588e-01
   2.4867324e-01   3.9746235e-01   7.5271012e-01
   2.4928837e-01   3.9500173e-01   7.4963435e-01
   2.4990351e-01   3.9254110e-01   7.4655859e-01
   2.5051865e-01   3.9008047e-01   7.4348282e-01
   2.5190275e-01   3.8792743e-01   7.3963816e-01
   2.5559373e-01   3.8669716e-01   7.3348678e-01
   2.5928471e-01   3.8546688e-01   7.2733541e-01
   2.6297569e-01   3.8423661e-01   7.2118404e-01
   2.6666667e-01   3.8300633e-01   7.1503267e-01
   2.7035765e-01   3.8177606e-01   7.0888129e-01
   2.7404863e-01   3.8054578e-01   7.0272992e-01
   2.7773947e-01   3.8039200e-01   6.9496361e-01
   2.8143029e-01   3.8039200e-01   6.8696659e-01
   2.8512112e-01   3.8039200e-01   6.7896957e-01
   2.8881194e-01   3.8039200e-01   6.7097255e-01
   2.9250276e-01   3.8039200e-01   6.6297553e-01
   2.9619359e-01   3.8039200e-01   6.5497851e-01
   2.9803900e-01   3.7931549e-01   6.4775047e-01
   2.9803900e-01   3.7716247e-01   6.4129141e-01
   2.9803900e-01   3.7500945e-01   6.3483235e-01
   2.9803900e-01   3.7285643e-01   6.2837329e-01
   2.9803900e-01   3.7070341e-01   6.2191424e-01
   2.9803900e-01   3.6855039e-01   6.1545518e-01
   2.9803900e-01   3.6639737e-01   6.0899612e-01
   2.9803900e-01   3.6424435e-01   6.0253706e-01
   2.9803900e-01   3.6209133e-01   5.9607800e-01
   2.9803900e-01   3.5993831e-01   5.8961894e-01
   2.9803900e-01   3.5778529e-01   5.8315988e-01
   2.9803900e-01   3.5563227e-01   5.7670082e-01
   2.9803900e-01   3.5347925e-01   5.7024176e-01
   2.9688559e-01   3.5017282e-01   5.6170659e-01
   2.9534771e-01   3.4648192e-01   5.5247937e-01
   2.9380982e-01   3.4279102e-01   5.4325216e-01
   2.9227194e-01   3.3910012e-01   5.3402494e-01
   2.9073406e-01   3.3540922e-01   5.2479773e-01
   2.8919618e-01   3.3171831e-01   5.1557051e-01
   2.8765829e-01   3.2802741e-01   5.0634329e-01
   2.8612041e-01   3.2433651e-01   4.9711608e-01
   2.8458253e-01   3.2064561e-01   4.8788886e-01
   2.8304465e-01   3.1695471e-01   4.7866165e-01
   2.8150676e-01   3.1326380e-01   4.6943443e-01
   2.7996888e-01   3.0957290e-01   4.6020722e-01
   2.7843100e-01   3.0588200e-01   4.5098000e-01
