   2.5098000e-01   1.5686000e-02   1.6862700e-01
   2.4744290e-01   1.7070078e-02   1.7062625e-01
   2.4390580e-01   1.8454157e-02   1.7262551e-01
   2.4036871e-01   1.9838235e-02   1.7462476e-01
   2.3683161e-01   2.1222314e-02   1.7662402e-01
   2.3329451e-01   2.2606392e-02   1.7862327e-01
   2.2975741e-01   2.3990471e-02   1.8062253e-01
   2.2622031e-01   2.5374549e-02   1.8262178e-01
   2.2268322e-01   2.6758627e-02   1.8462104e-01
   2.1914612e-01   2.8142706e-02   1.8662029e-01
   2.1560902e-01   2.9526784e-02   1.8861955e-01
   2.1207192e-01   3.0910863e-02   1.9061880e-01
   2.0853482e-01   3.2294941e-02   1.9261806e-01
   2.0499773e-01   3.3679020e-02   1.9461731e-01
   2.0146063e-01   3.5063098e-02   1.9661657e-01
   1.9792353e-01   3.6447176e-02   1.9861582e-01
   1.9438643e-01   3.7831255e-02   2.0061508e-01
   1.9084933e-01   3.9215333e-02   2.0261433e-01
   1.8731224e-01   4.0599412e-02   2.0461359e-01
   1.8377514e-01   4.1983490e-02   2.0661284e-01
   1.8023804e-01   4.3367569e-02   2.0861210e-01
   1.7670094e-01   4.4751647e-02   2.1061135e-01
   1.7316384e-01   4.6135725e-02   2.1261061e-01
   1.6962675e-01   4.7519804e-02   2.1460986e-01
   1.6608965e-01   4.8903882e-02   2.1660912e-01
   1.6255255e-01   5.0287961e-02   2.1860837e-01
   1.6132225e-01   5.2056510e-02   2.2122276e-01
   1.6239876e-01   5.4209529e-02   2.2445229e-01
   1.6347527e-01   5.6362549e-02   2.2768182e-01
   1.6455178e-01   5.8515569e-02   2.3091135e-01
   1.6562829e-01   6.0668588e-02   2.3414088e-01
   1.6670480e-01   6.2821608e-02   2.3737041e-01
   1.6778131e-01   6.4974627e-02   2.4059994e-01
   1.6885782e-01   6.7127647e-02   2.4382947e-01
   1.6993433e-01   6.9280667e-02   2.4705900e-01
   1.7101084e-01   7.1433686e-02   2.5028853e-01
   1.7208735e-01   7.3586706e-02   2.5351806e-01
   1.7316386e-01   7.5739725e-02   2.5674759e-01
   1.7424037e-01   7.7892745e-02   2.5997712e-01
   1.7531688e-01   8.0045765e-02   2.6320665e-01
   1.7639339e-01   8.2198784e-02   2.6643618e-01
   1.7746990e-01   8.4351804e-02   2.6966571e-01
   1.7854641e-01   8.6504824e-02   2.7289524e-01
   1.7962292e-01   8.8657843e-02   2.7612476e-01
   1.8069943e-01   9.0810863e-02   2.7935429e-01
   1.8177594e-01   9.2963882e-02   2.8258382e-01
   1.8285245e-01   9.5116902e-02   2.8581335e-01
   1.8392896e-01   9.7269922e-02   2.8904288e-01
   1.8500547e-01   9.9422941e-02   2.9227241e-01
   1.8608198e-01   1.0157596e-01   2.9550194e-01
   1.8715849e-01   1.0372898e-01   2.9873147e-01
   1.8823500e-01   1.0588200e-01   3.0196100e-01
   1.8931151e-01   1.0803502e-01   3.0534429e-01
   1.9038802e-01   1.1018804e-01   3.0872759e-01
   1.9146453e-01   1.1234106e-01   3.1211088e-01
   1.9254104e-01   1.1449408e-01   3.1549418e-01
   1.9361755e-01   1.1664710e-01   3.1887747e-01
   1.9469406e-01   1.1880012e-01   3.2226076e-01
   1.9577057e-01   1.2095314e-01   3.2564406e-01
   1.9684708e-01   1.2310616e-01   3.2902735e-01
   1.9792359e-01   1.2525918e-01   3.3241065e-01
   1.9900010e-01   1.2741220e-01   3.3579394e-01
   2.0007661e-01   1.2956522e-01   3.3917724e-01
   2.0115312e-01   1.3171824e-01   3.4256053e-01
   2.0222963e-01   1.3387125e-01   3.4594382e-01
   2.0330614e-01   1.3602427e-01   3.4932712e-01
   2.0438265e-01   1.3817729e-01   3.5271041e-01
   2.0545916e-01   1.4033031e-01   3.5609371e-01
   2.0653567e-01   1.4248333e-01   3.5947700e-01
   2.0761218e-01   1.4463635e-01   3.6286029e-01
   2.0868869e-01   1.4678937e-01   3.6624359e-01
   2.0976520e-01   1.4894239e-01   3.6962688e-01
   2.1084171e-01   1.5109541e-01   3.7301018e-01
   2.1191822e-01   1.5324843e-01   3.7639347e-01
   2.1299473e-01   1.5540145e-01   3.7977676e-01
   2.1407124e-01   1.5755447e-01   3.8316006e-01
   2.1514775e-01   1.5970749e-01   3.8654335e-01
   2.1691629e-01   1.6209120e-01   3.9138765e-01
   2.1937688e-01   1.6470559e-01   3.9769294e-01
   2.2183747e-01   1.6731998e-01   4.0399824e-01
   2.2429806e-01   1.6993437e-01   4.1030353e-01
   2.2675865e-01   1.7254876e-01   4.1660882e-01
   2.2921924e-01   1.7516316e-01   4.2291412e-01
   2.3167982e-01   1.7777755e-01   4.2921941e-01
   2.3414041e-01   1.8039194e-01   4.3552471e-01
   2.3660100e-01   1.8300633e-01   4.4183000e-01
   2.3906159e-01   1.8562073e-01   4.4813529e-01
   2.4152218e-01   1.8823512e-01   4.5444059e-01
   2.4398276e-01   1.9084951e-01   4.6074588e-01
   2.4644335e-01   1.9346390e-01   4.6705118e-01
   2.4890394e-01   1.9607829e-01   4.7335647e-01
   2.5136453e-01   1.9869269e-01   4.7966176e-01
   2.5382512e-01   2.0130708e-01   4.8596706e-01
   2.5628571e-01   2.0392147e-01   4.9227235e-01
   2.5874629e-01   2.0653586e-01   4.9857765e-01
   2.6120688e-01   2.0915025e-01   5.0488294e-01
   2.6366747e-01   2.1176465e-01   5.1118824e-01
   2.6612806e-01   2.1437904e-01   5.1749353e-01
   2.6858865e-01   2.1699343e-01   5.2379882e-01
   2.7104924e-01   2.1960782e-01   5.3010412e-01
   2.7350982e-01   2.2222222e-01   5.3640941e-01
   2.7597041e-01   2.2483661e-01   5.4271471e-01
   2.7843100e-01   2.2745100e-01   5.4902000e-01
   2.8012269e-01   2.2975782e-01   5.5501769e-01
   2.8181437e-01   2.3206465e-01   5.6101537e-01
   2.8350606e-01   2.3437147e-01   5.6701306e-01
   2.8519775e-01   2.3667829e-01   5.7301075e-01
   2.8688943e-01   2.3898512e-01   5.7900843e-01
   2.8858112e-01   2.4129194e-01   5.8500612e-01
   2.9027280e-01   2.4359876e-01   5.9100380e-01
   2.9196449e-01   2.4590559e-01   5.9700149e-01
   2.9365618e-01   2.4821241e-01   6.0299918e-01
   2.9534786e-01   2.5051924e-01   6.0899686e-01
   2.9703955e-01   2.5282606e-01   6.1499455e-01
   2.9873124e-01   2.5513288e-01   6.2099224e-01
   3.0042292e-01   2.5743971e-01   6.2698992e-01
   3.0211461e-01   2.5974653e-01   6.3298761e-01
   3.0380629e-01   2.6205335e-01   6.3898529e-01
   3.0549798e-01   2.6436018e-01   6.4498298e-01
   3.0718967e-01   2.6666700e-01   6.5098067e-01
   3.0888135e-01   2.6897382e-01   6.5697835e-01
   3.1057304e-01   2.7128065e-01   6.6297604e-01
   3.1226473e-01   2.7358747e-01   6.6897373e-01
   3.1395641e-01   2.7589429e-01   6.7497141e-01
   3.1564810e-01   2.7820112e-01   6.8096910e-01
   3.1733978e-01   2.8050794e-01   6.8696678e-01
   3.1903147e-01   2.8281476e-01   6.9296447e-01
   3.2072316e-01   2.8512159e-01   6.9896216e-01
   3.2218414e-01   2.8758218e-01   7.0388333e-01
   3.2341441e-01   2.9019653e-01   7.0772800e-01
   3.2464469e-01   2.9281088e-01   7.1157267e-01
   3.2587496e-01   2.9542524e-01   7.1541733e-01
   3.2710524e-01   2.9803959e-01   7.1926200e-01
   3.2833551e-01   3.0065394e-01   7.2310667e-01
   3.2956578e-01   3.0326829e-01   7.2695133e-01
   3.3079606e-01   3.0588265e-01   7.3079600e-01
   3.3202633e-01   3.0849700e-01   7.3464067e-01
   3.3325661e-01   3.1111135e-01   7.3848533e-01
   3.3448688e-01   3.1372571e-01   7.4233000e-01
   3.3571716e-01   3.1634006e-01   7.4617467e-01
   3.3694743e-01   3.1895441e-01   7.5001933e-01
   3.3817771e-01   3.2156876e-01   7.5386400e-01
   3.3940798e-01   3.2418312e-01   7.5770867e-01
   3.4063825e-01   3.2679747e-01   7.6155333e-01
   3.4186853e-01   3.2941182e-01   7.6539800e-01
   3.4309880e-01   3.3202618e-01   7.6924267e-01
   3.4432908e-01   3.3464053e-01   7.7308733e-01
   3.4555935e-01   3.3725488e-01   7.7693200e-01
   3.4678963e-01   3.3986924e-01   7.8077667e-01
   3.4801990e-01   3.4248359e-01   7.8462133e-01
   3.4925018e-01   3.4509794e-01   7.8846600e-01
   3.5048045e-01   3.4771229e-01   7.9231067e-01
   3.5171073e-01   3.5032665e-01   7.9615533e-01
   3.5294100e-01   3.5294100e-01   8.0000000e-01
   3.5524782e-01   3.5709327e-01   8.0307573e-01
   3.5755465e-01   3.6124555e-01   8.0615145e-01
   3.5986147e-01   3.6539782e-01   8.0922718e-01
   3.6216829e-01   3.6955010e-01   8.1230290e-01
   3.6447512e-01   3.7370237e-01   8.1537863e-01
   3.6678194e-01   3.7785465e-01   8.1845435e-01
   3.6908876e-01   3.8200692e-01   8.2153008e-01
   3.7139559e-01   3.8615920e-01   8.2460580e-01
   3.7370241e-01   3.9031147e-01   8.2768153e-01
   3.7600924e-01   3.9446375e-01   8.3075725e-01
   3.7831606e-01   3.9861602e-01   8.3383298e-01
   3.8062288e-01   4.0276829e-01   8.3690871e-01
   3.8292971e-01   4.0692057e-01   8.3998443e-01
   3.8523653e-01   4.1107284e-01   8.4306016e-01
   3.8754335e-01   4.1522512e-01   8.4613588e-01
   3.8985018e-01   4.1937739e-01   8.4921161e-01
   3.9215700e-01   4.2352967e-01   8.5228733e-01
   3.9446382e-01   4.2768194e-01   8.5536306e-01
   3.9677065e-01   4.3183422e-01   8.5843878e-01
   3.9907747e-01   4.3598649e-01   8.6151451e-01
   4.0138429e-01   4.4013876e-01   8.6459024e-01
   4.0369112e-01   4.4429104e-01   8.6766596e-01
   4.0599794e-01   4.4844331e-01   8.7074169e-01
   4.0830476e-01   4.5259559e-01   8.7381741e-01
   4.1061159e-01   4.5674786e-01   8.7689314e-01
   4.1361043e-01   4.6128459e-01   8.7889237e-01
   4.1730129e-01   4.6620576e-01   8.7981512e-01
   4.2099216e-01   4.7112694e-01   8.8073786e-01
   4.2468302e-01   4.7604812e-01   8.8166061e-01
   4.2837388e-01   4.8096929e-01   8.8258335e-01
   4.3206475e-01   4.8589047e-01   8.8350610e-01
   4.3575561e-01   4.9081165e-01   8.8442884e-01
   4.3944647e-01   4.9573282e-01   8.8535159e-01
   4.4313733e-01   5.0065400e-01   8.8627433e-01
   4.4682820e-01   5.0557518e-01   8.8719708e-01
   4.5051906e-01   5.1049635e-01   8.8811982e-01
   4.5420992e-01   5.1541753e-01   8.8904257e-01
   4.5790078e-01   5.2033871e-01   8.8996531e-01
   4.6159165e-01   5.2525988e-01   8.9088806e-01
   4.6528251e-01   5.3018106e-01   8.9181080e-01
   4.6897337e-01   5.3510224e-01   8.9273355e-01
   4.7266424e-01   5.4002341e-01   8.9365629e-01
   4.7635510e-01   5.4494459e-01   8.9457904e-01
   4.8004596e-01   5.4986576e-01   8.9550178e-01
   4.8373682e-01   5.5478694e-01   8.9642453e-01
   4.8742769e-01   5.5970812e-01   8.9734727e-01
   4.9111855e-01   5.6462929e-01   8.9827002e-01
   4.9480941e-01   5.6955047e-01   8.9919276e-01
   4.9850027e-01   5.7447165e-01   9.0011551e-01
   5.0219114e-01   5.7939282e-01   9.0103825e-01
   5.0588200e-01   5.8431400e-01   9.0196100e-01
   5.0834259e-01   5.8831247e-01   9.0272994e-01
   5.1080318e-01   5.9231094e-01   9.0349888e-01
   5.1326376e-01   5.9630941e-01   9.0426782e-01
   5.1572435e-01   6.0030788e-01   9.0503676e-01
   5.1818494e-01   6.0430635e-01   9.0580571e-01
   5.2064553e-01   6.0830482e-01   9.0657465e-01
   5.2310612e-01   6.1230329e-01   9.0734359e-01
   5.2556671e-01   6.1630176e-01   9.0811253e-01
   5.2802729e-01   6.2030024e-01   9.0888147e-01
   5.3048788e-01   6.2429871e-01   9.0965041e-01
   5.3294847e-01   6.2829718e-01   9.1041935e-01
   5.3540906e-01   6.3229565e-01   9.1118829e-01
   5.3786965e-01   6.3629412e-01   9.1195724e-01
   5.4033024e-01   6.4029259e-01   9.1272618e-01
   5.4279082e-01   6.4429106e-01   9.1349512e-01
   5.4525141e-01   6.4828953e-01   9.1426406e-01
   5.4771200e-01   6.5228800e-01   9.1503300e-01
   5.5017259e-01   6.5628647e-01   9.1580194e-01
   5.5263318e-01   6.6028494e-01   9.1657088e-01
   5.5509376e-01   6.6428341e-01   9.1733982e-01
   5.5755435e-01   6.6828188e-01   9.1810876e-01
   5.6001494e-01   6.7228035e-01   9.1887771e-01
   5.6247553e-01   6.7627882e-01   9.1964665e-01
   5.6493612e-01   6.8027729e-01   9.2041559e-01
   5.6739671e-01   6.8427576e-01   9.2118453e-01
   5.7177965e-01   6.8888937e-01   9.2249171e-01
   5.7808494e-01   6.9411812e-01   9.2433712e-01
   5.8439024e-01   6.9934686e-01   9.2618253e-01
   5.9069553e-01   7.0457561e-01   9.2802794e-01
   5.9700082e-01   7.0980435e-01   9.2987335e-01
   6.0330612e-01   7.1503310e-01   9.3171876e-01
   6.0961141e-01   7.2026184e-01   9.3356418e-01
   6.1591671e-01   7.2549059e-01   9.3540959e-01
   6.2222200e-01   7.3071933e-01   9.3725500e-01
   6.2852729e-01   7.3594808e-01   9.3910041e-01
   6.3483259e-01   7.4117682e-01   9.4094582e-01
   6.4113788e-01   7.4640557e-01   9.4279124e-01
   6.4744318e-01   7.5163431e-01   9.4463665e-01
   6.5374847e-01   7.5686306e-01   9.4648206e-01
   6.6005376e-01   7.6209180e-01   9.4832747e-01
   6.6635906e-01   7.6732055e-01   9.5017288e-01
   6.7266435e-01   7.7254929e-01   9.5201829e-01
   6.7896965e-01   7.7777804e-01   9.5386371e-01
   6.8527494e-01   7.8300678e-01   9.5570912e-01
   6.9158024e-01   7.8823553e-01   9.5755453e-01
   6.9788553e-01   7.9346427e-01   9.5939994e-01
   7.0419082e-01   7.9869302e-01   9.6124535e-01
   7.1049612e-01   8.0392176e-01   9.6309076e-01
   7.1680141e-01   8.0915051e-01   9.6493618e-01
   7.2310671e-01   8.1437925e-01   9.6678159e-01
   7.2941200e-01   8.1960800e-01   9.6862700e-01
