   1.0000000e+00   9.2156900e-01   8.0000000e-01
   9.9903882e-01   9.1503302e-01   7.8712034e-01
   9.9807765e-01   9.0849704e-01   7.7424069e-01
   9.9711647e-01   9.0196106e-01   7.6136103e-01
   9.9615529e-01   8.9542508e-01   7.4848137e-01
   9.9519412e-01   8.8888910e-01   7.3560172e-01
   9.9423294e-01   8.8235312e-01   7.2272206e-01
   9.9327176e-01   8.7581714e-01   7.0984240e-01
   9.9231059e-01   8.6928116e-01   6.9696275e-01
   9.9134941e-01   8.6274518e-01   6.8408309e-01
   9.9038824e-01   8.5620920e-01   6.7120343e-01
   9.8942706e-01   8.4967322e-01   6.5832377e-01
   9.8846588e-01   8.4313724e-01   6.4544412e-01
   9.8750471e-01   8.3660125e-01   6.3256446e-01
   9.8654353e-01   8.3006527e-01   6.1968480e-01
   9.8558235e-01   8.2352929e-01   6.0680515e-01
   9.8462118e-01   8.1699331e-01   5.9392549e-01
   9.8366000e-01   8.1045733e-01   5.8104583e-01
   9.8269882e-01   8.0392135e-01   5.6816618e-01
   9.8173765e-01   7.9738537e-01   5.5528652e-01
   9.8077647e-01   7.9084939e-01   5.4240686e-01
   9.8004597e-01   7.8500547e-01   5.3287206e-01
   9.7946925e-01   7.7962292e-01   5.2556716e-01
   9.7889254e-01   7.7424037e-01   5.1826225e-01
   9.7831582e-01   7.6885782e-01   5.1095735e-01
   9.7773911e-01   7.6347527e-01   5.0365245e-01
   9.7716239e-01   7.5809273e-01   4.9634755e-01
   9.7658568e-01   7.5271018e-01   4.8904265e-01
   9.7600896e-01   7.4732763e-01   4.8173775e-01
   9.7543225e-01   7.4194508e-01   4.7443284e-01
   9.7485553e-01   7.3656253e-01   4.6712794e-01
   9.7427881e-01   7.3117998e-01   4.5982304e-01
   9.7370210e-01   7.2579743e-01   4.5251814e-01
   9.7312538e-01   7.2041488e-01   4.4521324e-01
   9.7254867e-01   7.1503233e-01   4.3790833e-01
   9.7197195e-01   7.0964978e-01   4.3060343e-01
   9.7139524e-01   7.0426724e-01   4.2329853e-01
   9.7081852e-01   6.9888469e-01   4.1599363e-01
   9.7024180e-01   6.9350214e-01   4.0868873e-01
   9.6966509e-01   6.8811959e-01   4.0138382e-01
   9.6908837e-01   6.8273704e-01   3.9407892e-01
   9.6852448e-01   6.7714944e-01   3.8690219e-01
   9.6801186e-01   6.7074167e-01   3.8023814e-01
   9.6749925e-01   6.6433389e-01   3.7357408e-01
   9.6698663e-01   6.5792611e-01   3.6691003e-01
   9.6647402e-01   6.5151833e-01   3.6024598e-01
   9.6596141e-01   6.4511056e-01   3.5358193e-01
   9.6544879e-01   6.3870278e-01   3.4691788e-01
   9.6493618e-01   6.3229500e-01   3.4025382e-01
   9.6442356e-01   6.2588722e-01   3.3358977e-01
   9.6391095e-01   6.1947944e-01   3.2692572e-01
   9.6339833e-01   6.1307167e-01   3.2026167e-01
   9.6288572e-01   6.0666389e-01   3.1359761e-01
   9.6237310e-01   6.0025611e-01   3.0693356e-01
   9.6186049e-01   5.9384833e-01   3.0026951e-01
   9.6134788e-01   5.8744056e-01   2.9360546e-01
   9.6083526e-01   5.8103278e-01   2.8694141e-01
   9.6009200e-01   5.7531706e-01   2.8281476e-01
   9.5932311e-01   5.6967824e-01   2.7897006e-01
   9.5855422e-01   5.6403941e-01   2.7512535e-01
   9.5778533e-01   5.5840059e-01   2.7128065e-01
   9.5701644e-01   5.5276176e-01   2.6743594e-01
   9.5624756e-01   5.4712294e-01   2.6359124e-01
   9.5547867e-01   5.4148412e-01   2.5974653e-01
   9.5470978e-01   5.3584529e-01   2.5590182e-01
   9.5394089e-01   5.3020647e-01   2.5205712e-01
   9.5317200e-01   5.2456765e-01   2.4821241e-01
   9.5240311e-01   5.1892882e-01   2.4436771e-01
   9.5163422e-01   5.1329000e-01   2.4052300e-01
   9.5086533e-01   5.0765118e-01   2.3667829e-01
   9.5009644e-01   5.0201235e-01   2.3283359e-01
   9.4932756e-01   4.9637353e-01   2.2898888e-01
   9.4825106e-01   4.9150361e-01   2.2545178e-01
   9.4696949e-01   4.8714629e-01   2.2211976e-01
   9.4568792e-01   4.8278897e-01   2.1878773e-01
   9.4440635e-01   4.7843165e-01   2.1545571e-01
   9.4312478e-01   4.7407433e-01   2.1212368e-01
   9.4184322e-01   4.6971701e-01   2.0879165e-01
   9.4056165e-01   4.6535969e-01   2.0545963e-01
   9.3928008e-01   4.6100237e-01   2.0212760e-01
   9.3799851e-01   4.5664505e-01   1.9879558e-01
   9.3671694e-01   4.5228773e-01   1.9546355e-01
   9.3543537e-01   4.4793041e-01   1.9213152e-01
   9.3415380e-01   4.4357308e-01   1.8879950e-01
   9.3287224e-01   4.3921576e-01   1.8546747e-01
   9.3159067e-01   4.3485844e-01   1.8213544e-01
   9.3030910e-01   4.3050112e-01   1.7880342e-01
   9.2902753e-01   4.2614380e-01   1.7585584e-01
   9.2774596e-01   4.2178648e-01   1.7380532e-01
   9.2646439e-01   4.1742916e-01   1.7175480e-01
   9.2518282e-01   4.1307184e-01   1.6970427e-01
   9.2390125e-01   4.0871452e-01   1.6765375e-01
   9.2261969e-01   4.0435720e-01   1.6560323e-01
   9.2133812e-01   3.9999988e-01   1.6355271e-01
   9.2005655e-01   3.9564256e-01   1.6150218e-01
   9.1877498e-01   3.9128524e-01   1.5945166e-01
   9.1749341e-01   3.8692792e-01   1.5740114e-01
   9.1621184e-01   3.8257060e-01   1.5535061e-01
   9.1493027e-01   3.7821328e-01   1.5330009e-01
   9.1364871e-01   3.7385596e-01   1.5124957e-01
   9.1236714e-01   3.6949864e-01   1.4919905e-01
   9.1108557e-01   3.6514132e-01   1.4714852e-01
   9.0980400e-01   3.6078400e-01   1.4509800e-01
   9.0884282e-01   3.5732380e-01   1.4413682e-01
   9.0788165e-01   3.5386361e-01   1.4317565e-01
   9.0692047e-01   3.5040341e-01   1.4221447e-01
   9.0595929e-01   3.4694322e-01   1.4125329e-01
   9.0499812e-01   3.4348302e-01   1.4029212e-01
   9.0403694e-01   3.4002282e-01   1.3933094e-01
   9.0307576e-01   3.3656263e-01   1.3836976e-01
   9.0211459e-01   3.3310243e-01   1.3740859e-01
   9.0115341e-01   3.2964224e-01   1.3644741e-01
   9.0019224e-01   3.2618204e-01   1.3548624e-01
   8.9923106e-01   3.2272184e-01   1.3452506e-01
   8.9826988e-01   3.1926165e-01   1.3356388e-01
   8.9730871e-01   3.1580145e-01   1.3260271e-01
   8.9634753e-01   3.1234125e-01   1.3164153e-01
   8.9538635e-01   3.0888106e-01   1.3068035e-01
   8.9442518e-01   3.0542086e-01   1.2971918e-01
   8.9346400e-01   3.0196067e-01   1.2875800e-01
   8.9250282e-01   2.9850047e-01   1.2779682e-01
   8.9154165e-01   2.9504027e-01   1.2683565e-01
   8.9058047e-01   2.9158008e-01   1.2587447e-01
   8.8942706e-01   2.8696647e-01   1.2472106e-01
   8.8814549e-01   2.8158392e-01   1.2343949e-01
   8.8686392e-01   2.7620137e-01   1.2215792e-01
   8.8558235e-01   2.7081882e-01   1.2087635e-01
   8.8430078e-01   2.6543627e-01   1.1959478e-01
   8.8301922e-01   2.6005373e-01   1.1831322e-01
   8.8173765e-01   2.5467118e-01   1.1703165e-01
   8.8045608e-01   2.4928863e-01   1.1575008e-01
   8.7917451e-01   2.4390608e-01   1.1446851e-01
   8.7789294e-01   2.3852353e-01   1.1318694e-01
   8.7661137e-01   2.3314098e-01   1.1190537e-01
   8.7532980e-01   2.2775843e-01   1.1062380e-01
   8.7404824e-01   2.2237588e-01   1.0934224e-01
   8.7276667e-01   2.1699333e-01   1.0806067e-01
   8.7148510e-01   2.1161078e-01   1.0677910e-01
   8.6997286e-01   2.0661271e-01   1.0542065e-01
   8.6792241e-01   2.0251173e-01   1.0388280e-01
   8.6587195e-01   1.9841075e-01   1.0234496e-01
   8.6382149e-01   1.9430976e-01   1.0080712e-01
   8.6177103e-01   1.9020878e-01   9.9269275e-02
   8.5972058e-01   1.8610780e-01   9.7731431e-02
   8.5767012e-01   1.8200682e-01   9.6193588e-02
   8.5561966e-01   1.7790584e-01   9.4655745e-02
   8.5356920e-01   1.7380486e-01   9.3117902e-02
   8.5151875e-01   1.6970388e-01   9.1580059e-02
   8.4946829e-01   1.6560290e-01   9.0042216e-02
   8.4741783e-01   1.6150192e-01   8.8504373e-02
   8.4536737e-01   1.5740094e-01   8.6966529e-02
   8.4331692e-01   1.5329996e-01   8.5428686e-02
   8.4126646e-01   1.4919898e-01   8.3890843e-02
   8.3921600e-01   1.4509800e-01   8.2353000e-02
   8.3665286e-01   1.4330382e-01   8.3121954e-02
   8.3408973e-01   1.4150963e-01   8.3890908e-02
   8.3152659e-01   1.3971545e-01   8.4659863e-02
   8.2896345e-01   1.3792127e-01   8.5428817e-02
   8.2640031e-01   1.3612708e-01   8.6197771e-02
   8.2383718e-01   1.3433290e-01   8.6966725e-02
   8.2127404e-01   1.3253872e-01   8.7735680e-02
   8.1871090e-01   1.3074454e-01   8.8504634e-02
   8.1614776e-01   1.2895035e-01   8.9273588e-02
   8.1358463e-01   1.2715617e-01   9.0042542e-02
   8.1102149e-01   1.2536199e-01   9.0811497e-02
   8.0845835e-01   1.2356780e-01   9.1580451e-02
   8.0589522e-01   1.2177362e-01   9.2349405e-02
   8.0333208e-01   1.1997944e-01   9.3118359e-02
   8.0076894e-01   1.1818525e-01   9.3887314e-02
   7.9766758e-01   1.1710873e-01   9.4656222e-02
   7.9433556e-01   1.1633978e-01   9.5425111e-02
   7.9100353e-01   1.1557082e-01   9.6194000e-02
   7.8767150e-01   1.1480187e-01   9.6962889e-02
   7.8433948e-01   1.1403292e-01   9.7731778e-02
   7.8100745e-01   1.1326396e-01   9.8500667e-02
   7.7767542e-01   1.1249501e-01   9.9269556e-02
   7.7434340e-01   1.1172605e-01   1.0003844e-01
   7.7101137e-01   1.1095710e-01   1.0080733e-01
   7.6767935e-01   1.1018814e-01   1.0157622e-01
   7.6434732e-01   1.0941919e-01   1.0234511e-01
   7.6101529e-01   1.0865024e-01   1.0311400e-01
   7.5768327e-01   1.0788128e-01   1.0388289e-01
   7.5435124e-01   1.0711233e-01   1.0465178e-01
   7.5101922e-01   1.0634337e-01   1.0542067e-01
   7.4778970e-01   1.0608705e-01   1.0659967e-01
   7.4471395e-01   1.0659966e-01   1.0839386e-01
   7.4163820e-01   1.0711227e-01   1.1018804e-01
   7.3856244e-01   1.0762489e-01   1.1198222e-01
   7.3548669e-01   1.0813750e-01   1.1377641e-01
   7.3241094e-01   1.0865012e-01   1.1557059e-01
   7.2933519e-01   1.0916273e-01   1.1736477e-01
   7.2625944e-01   1.0967535e-01   1.1915895e-01
   7.2318369e-01   1.1018796e-01   1.2095314e-01
   7.2010793e-01   1.1070058e-01   1.2274732e-01
   7.1703218e-01   1.1121319e-01   1.2454150e-01
   7.1395643e-01   1.1172580e-01   1.2633569e-01
   7.1088068e-01   1.1223842e-01   1.2812987e-01
   7.0780493e-01   1.1275103e-01   1.2992405e-01
   7.0472918e-01   1.1326365e-01   1.3171824e-01
   7.0155090e-01   1.1372500e-01   1.3343553e-01
   6.9744992e-01   1.1372500e-01   1.3446082e-01
   6.9334894e-01   1.1372500e-01   1.3548612e-01
   6.8924796e-01   1.1372500e-01   1.3651141e-01
   6.8514698e-01   1.1372500e-01   1.3753671e-01
   6.8104600e-01   1.1372500e-01   1.3856200e-01
   6.7694502e-01   1.1372500e-01   1.3958729e-01
   6.7284404e-01   1.1372500e-01   1.4061259e-01
   6.6874306e-01   1.1372500e-01   1.4163788e-01
   6.6464208e-01   1.1372500e-01   1.4266318e-01
   6.6054110e-01   1.1372500e-01   1.4368847e-01
   6.5644012e-01   1.1372500e-01   1.4471376e-01
   6.5233914e-01   1.1372500e-01   1.4573906e-01
   6.4823816e-01   1.1372500e-01   1.4676435e-01
   6.4413718e-01   1.1372500e-01   1.4778965e-01
   6.4003620e-01   1.1372500e-01   1.4881494e-01
   6.3675539e-01   1.1421717e-01   1.5025024e-01
   6.3367962e-01   1.1483239e-01   1.5178805e-01
   6.3060386e-01   1.1544760e-01   1.5332585e-01
   6.2752809e-01   1.1606282e-01   1.5486365e-01
   6.2445233e-01   1.1667804e-01   1.5640146e-01
   6.2137656e-01   1.1729325e-01   1.5793926e-01
   6.1830080e-01   1.1790847e-01   1.5947707e-01
   6.1522504e-01   1.1852368e-01   1.6101487e-01
   6.1214927e-01   1.1913890e-01   1.6255267e-01
   6.0907351e-01   1.1975411e-01   1.6409048e-01
   6.0599774e-01   1.2036933e-01   1.6562828e-01
   6.0292198e-01   1.2098455e-01   1.6716609e-01
   5.9976932e-01   1.2155362e-01   1.6867314e-01
   5.9515567e-01   1.2124601e-01   1.6959588e-01
   5.9054202e-01   1.2093840e-01   1.7051863e-01
   5.8592838e-01   1.2063080e-01   1.7144137e-01
   5.8131473e-01   1.2032319e-01   1.7236412e-01
   5.7670108e-01   1.2001558e-01   1.7328686e-01
   5.7208744e-01   1.1970797e-01   1.7420961e-01
   5.6747379e-01   1.1940036e-01   1.7513235e-01
   5.6286014e-01   1.1909276e-01   1.7605510e-01
   5.5824649e-01   1.1878515e-01   1.7697784e-01
   5.5363285e-01   1.1847754e-01   1.7790059e-01
   5.4901920e-01   1.1816993e-01   1.7882333e-01
   5.4440555e-01   1.1786233e-01   1.7974608e-01
   5.3994571e-01   1.1780078e-01   1.8077647e-01
   5.3584473e-01   1.1831340e-01   1.8205804e-01
   5.3174375e-01   1.1882601e-01   1.8333961e-01
   5.2764276e-01   1.1933863e-01   1.8462118e-01
   5.2354178e-01   1.1985124e-01   1.8590275e-01
   5.1944080e-01   1.2036386e-01   1.8718431e-01
   5.1533982e-01   1.2087647e-01   1.8846588e-01
   5.1123884e-01   1.2138908e-01   1.8974745e-01
   5.0713786e-01   1.2190170e-01   1.9102902e-01
   5.0303688e-01   1.2241431e-01   1.9231059e-01
   4.9893590e-01   1.2292693e-01   1.9359216e-01
   4.9483492e-01   1.2343954e-01   1.9487373e-01
   4.9073394e-01   1.2395216e-01   1.9615529e-01
   4.8663296e-01   1.2446477e-01   1.9743686e-01
   4.8253198e-01   1.2497739e-01   1.9871843e-01
   4.7843100e-01   1.2549000e-01   2.0000000e-01
