   9.8823500e-01   9.7647100e-01   9.0980400e-01
   9.8669712e-01   9.7247249e-01   8.9688588e-01
   9.8515924e-01   9.6847398e-01   8.8396776e-01
   9.8362135e-01   9.6447547e-01   8.7104965e-01
   9.8208347e-01   9.6047696e-01   8.5813153e-01
   9.8054559e-01   9.5647845e-01   8.4521341e-01
   9.7900771e-01   9.5247994e-01   8.3229529e-01
   9.7746982e-01   9.4848143e-01   8.1937718e-01
   9.7593194e-01   9.4448292e-01   8.0645906e-01
   9.7439406e-01   9.4048441e-01   7.9354094e-01
   9.7285618e-01   9.3648590e-01   7.8062282e-01
   9.7131829e-01   9.3248739e-01   7.6770471e-01
   9.6978041e-01   9.2848888e-01   7.5478659e-01
   9.6824255e-01   9.2387524e-01   7.4202225e-01
   9.6670475e-01   9.1741618e-01   7.2971927e-01
   9.6516694e-01   9.1095712e-01   7.1741629e-01
   9.6362914e-01   9.0449806e-01   7.0511331e-01
   9.6209133e-01   8.9803900e-01   6.9281033e-01
   9.6055353e-01   8.9157994e-01   6.8050735e-01
   9.5901573e-01   8.8512088e-01   6.6820437e-01
   9.5747792e-01   8.7866182e-01   6.5590139e-01
   9.5594012e-01   8.7220276e-01   6.4359841e-01
   9.5440231e-01   8.6574371e-01   6.3129543e-01
   9.5286451e-01   8.5928465e-01   6.1899245e-01
   9.5132671e-01   8.5282559e-01   6.0668947e-01
   9.4978890e-01   8.4636653e-01   5.9438649e-01
   9.4871239e-01   8.4036884e-01   5.8546684e-01
   9.4809718e-01   8.3483253e-01   5.7993053e-01
   9.4748196e-01   8.2929622e-01   5.7439422e-01
   9.4686675e-01   8.2375990e-01   5.6885790e-01
   9.4625153e-01   8.1822359e-01   5.6332159e-01
   9.4563631e-01   8.1268727e-01   5.5778527e-01
   9.4502110e-01   8.0715096e-01   5.5224896e-01
   9.4440588e-01   8.0161465e-01   5.4671265e-01
   9.4379067e-01   7.9607833e-01   5.4117633e-01
   9.4317545e-01   7.9054202e-01   5.3564002e-01
   9.4256024e-01   7.8500571e-01   5.3010371e-01
   9.4194502e-01   7.7946939e-01   5.2456739e-01
   9.4132980e-01   7.7393308e-01   5.1903108e-01
   9.4048400e-01   7.6747406e-01   5.1349476e-01
   9.3956133e-01   7.6070747e-01   5.0795845e-01
   9.3863867e-01   7.5394088e-01   5.0242214e-01
   9.3771600e-01   7.4717429e-01   4.9688582e-01
   9.3679333e-01   7.4040771e-01   4.9134951e-01
   9.3587067e-01   7.3364112e-01   4.8581320e-01
   9.3494800e-01   7.2687453e-01   4.8027688e-01
   9.3402533e-01   7.2010794e-01   4.7474057e-01
   9.3310267e-01   7.1334135e-01   4.6920425e-01
   9.3218000e-01   7.0657476e-01   4.6366794e-01
   9.3125733e-01   6.9980818e-01   4.5813163e-01
   9.3033467e-01   6.9304159e-01   4.5259531e-01
   9.2941200e-01   6.8627500e-01   4.4705900e-01
   9.2787412e-01   6.8073861e-01   4.4275296e-01
   9.2633624e-01   6.7520222e-01   4.3844692e-01
   9.2479835e-01   6.6966582e-01   4.3414088e-01
   9.2326047e-01   6.6412943e-01   4.2983484e-01
   9.2172259e-01   6.5859304e-01   4.2552880e-01
   9.2018471e-01   6.5305665e-01   4.2122276e-01
   9.1864682e-01   6.4752025e-01   4.1691673e-01
   9.1710894e-01   6.4198386e-01   4.1261069e-01
   9.1557106e-01   6.3644747e-01   4.0830465e-01
   9.1403318e-01   6.3091108e-01   4.0399861e-01
   9.1249529e-01   6.2537469e-01   3.9969257e-01
   9.1095741e-01   6.1983829e-01   3.9538653e-01
   9.0965022e-01   6.1453261e-01   3.9154184e-01
   9.0903508e-01   6.0991904e-01   3.8908122e-01
   9.0841994e-01   6.0530547e-01   3.8662059e-01
   9.0780480e-01   6.0069190e-01   3.8415996e-01
   9.0718967e-01   5.9607833e-01   3.8169933e-01
   9.0657453e-01   5.9146476e-01   3.7923871e-01
   9.0595939e-01   5.8685120e-01   3.7677808e-01
   9.0534425e-01   5.8223763e-01   3.7431745e-01
   9.0472912e-01   5.7762406e-01   3.7185682e-01
   9.0411398e-01   5.7301049e-01   3.6939620e-01
   9.0349884e-01   5.6839692e-01   3.6693557e-01
   9.0288371e-01   5.6378335e-01   3.6447494e-01
   9.0226857e-01   5.5916978e-01   3.6201431e-01
   9.0149963e-01   5.5363347e-01   3.5986129e-01
   9.0057688e-01   5.4717441e-01   3.5801588e-01
   8.9965414e-01   5.4071535e-01   3.5617047e-01
   8.9873139e-01   5.3425629e-01   3.5432506e-01
   8.9780865e-01   5.2779724e-01   3.5247965e-01
   8.9688590e-01   5.2133818e-01   3.5063424e-01
   8.9596316e-01   5.1487912e-01   3.4878882e-01
   8.9504041e-01   5.0842006e-01   3.4694341e-01
   8.9411767e-01   5.0196100e-01   3.4509800e-01
   8.9319492e-01   4.9550194e-01   3.4325259e-01
   8.9227218e-01   4.8904288e-01   3.4140718e-01
   8.9134943e-01   4.8258382e-01   3.3956176e-01
   8.9042669e-01   4.7612476e-01   3.3771635e-01
   8.8950394e-01   4.7035776e-01   3.3564024e-01
   8.8858120e-01   4.6482145e-01   3.3348722e-01
   8.8765845e-01   4.5928514e-01   3.3133420e-01
   8.8673571e-01   4.5374882e-01   3.2918118e-01
   8.8581296e-01   4.4821251e-01   3.2702816e-01
   8.8489022e-01   4.4267620e-01   3.2487514e-01
   8.8396747e-01   4.3713988e-01   3.2272212e-01
   8.8304473e-01   4.3160357e-01   3.2056910e-01
   8.8212198e-01   4.2606725e-01   3.1841608e-01
   8.8119924e-01   4.2053094e-01   3.1626306e-01
   8.8027649e-01   4.1499463e-01   3.1411004e-01
   8.7935375e-01   4.0945831e-01   3.1195702e-01
   8.7843100e-01   4.0392200e-01   3.0980400e-01
   8.7535531e-01   3.9807808e-01   3.0580557e-01
   8.7227963e-01   3.9223416e-01   3.0180714e-01
   8.6920394e-01   3.8639024e-01   2.9780871e-01
   8.6612825e-01   3.8054631e-01   2.9381027e-01
   8.6305257e-01   3.7470239e-01   2.8981184e-01
   8.5997688e-01   3.6885847e-01   2.8581341e-01
   8.5690120e-01   3.6301455e-01   2.8181498e-01
   8.5382551e-01   3.5717063e-01   2.7781655e-01
   8.5074982e-01   3.5132671e-01   2.7381812e-01
   8.4767414e-01   3.4548278e-01   2.6981969e-01
   8.4459845e-01   3.3963886e-01   2.6582125e-01
   8.4152276e-01   3.3379494e-01   2.6182282e-01
   8.3844706e-01   3.2841237e-01   2.5843953e-01
   8.3537129e-01   3.2441386e-01   2.5690165e-01
   8.3229553e-01   3.2041535e-01   2.5536376e-01
   8.2921976e-01   3.1641684e-01   2.5382588e-01
   8.2614400e-01   3.1241833e-01   2.5228800e-01
   8.2306824e-01   3.0841982e-01   2.5075012e-01
   8.1999247e-01   3.0442131e-01   2.4921224e-01
   8.1691671e-01   3.0042280e-01   2.4767435e-01
   8.1384094e-01   2.9642429e-01   2.4613647e-01
   8.1076518e-01   2.9242578e-01   2.4459859e-01
   8.0768941e-01   2.8842727e-01   2.4306071e-01
   8.0461365e-01   2.8442876e-01   2.4152282e-01
   8.0153788e-01   2.8043025e-01   2.3998494e-01
   7.9800078e-01   2.7581665e-01   2.3813949e-01
   7.9400235e-01   2.7058794e-01   2.3598647e-01
   7.9000392e-01   2.6535924e-01   2.3383345e-01
   7.8600549e-01   2.6013053e-01   2.3168043e-01
   7.8200706e-01   2.5490182e-01   2.2952741e-01
   7.7800863e-01   2.4967312e-01   2.2737439e-01
   7.7401020e-01   2.4444441e-01   2.2522137e-01
   7.7001176e-01   2.3921571e-01   2.2306835e-01
   7.6601333e-01   2.3398700e-01   2.2091533e-01
   7.6201490e-01   2.2875829e-01   2.1876231e-01
   7.5801647e-01   2.2352959e-01   2.1660929e-01
   7.5401804e-01   2.1830088e-01   2.1445627e-01
   7.5001961e-01   2.1307218e-01   2.1230325e-01
   7.4625182e-01   2.0991953e-01   2.1153429e-01
   7.4256092e-01   2.0745890e-01   2.1122669e-01
   7.3887002e-01   2.0499827e-01   2.1091908e-01
   7.3517912e-01   2.0253765e-01   2.1061147e-01
   7.3148822e-01   2.0007702e-01   2.1030386e-01
   7.2779731e-01   1.9761639e-01   2.0999625e-01
   7.2410641e-01   1.9515576e-01   2.0968865e-01
   7.2041551e-01   1.9269514e-01   2.0938104e-01
   7.1672461e-01   1.9023451e-01   2.0907343e-01
   7.1303371e-01   1.8777388e-01   2.0876582e-01
   7.0934280e-01   1.8531325e-01   2.0845822e-01
   7.0565190e-01   1.8285263e-01   2.0815061e-01
   7.0196100e-01   1.8039200e-01   2.0784300e-01
   6.9857771e-01   1.7916173e-01   2.0784300e-01
   6.9519441e-01   1.7793145e-01   2.0784300e-01
   6.9181112e-01   1.7670118e-01   2.0784300e-01
   6.8842782e-01   1.7547090e-01   2.0784300e-01
   6.8504453e-01   1.7424063e-01   2.0784300e-01
   6.8166124e-01   1.7301035e-01   2.0784300e-01
   6.7827794e-01   1.7178008e-01   2.0784300e-01
   6.7489465e-01   1.7054980e-01   2.0784300e-01
   6.7151135e-01   1.6931953e-01   2.0784300e-01
   6.6812806e-01   1.6808925e-01   2.0784300e-01
   6.6474476e-01   1.6685898e-01   2.0784300e-01
   6.6136147e-01   1.6562871e-01   2.0784300e-01
   6.5767059e-01   1.6409084e-01   2.0745853e-01
   6.5305694e-01   1.6163022e-01   2.0592065e-01
   6.4844329e-01   1.5916959e-01   2.0438276e-01
   6.4382965e-01   1.5670896e-01   2.0284488e-01
   6.3921600e-01   1.5424833e-01   2.0130700e-01
   6.3460235e-01   1.5178771e-01   1.9976912e-01
   6.2998871e-01   1.4932708e-01   1.9823124e-01
   6.2537506e-01   1.4686645e-01   1.9669335e-01
   6.2076141e-01   1.4440582e-01   1.9515547e-01
   6.1614776e-01   1.4194520e-01   1.9361759e-01
   6.1153412e-01   1.3948457e-01   1.9207971e-01
   6.0692047e-01   1.3702394e-01   1.9054182e-01
   6.0230682e-01   1.3456331e-01   1.8900394e-01
   5.9769318e-01   1.3256406e-01   1.8808124e-01
   5.9307953e-01   1.3102618e-01   1.8777371e-01
   5.8846588e-01   1.2948829e-01   1.8746618e-01
   5.8385224e-01   1.2795041e-01   1.8715865e-01
   5.7923859e-01   1.2641253e-01   1.8685112e-01
   5.7462494e-01   1.2487465e-01   1.8654359e-01
   5.7001129e-01   1.2333676e-01   1.8623606e-01
   5.6539765e-01   1.2179888e-01   1.8592853e-01
   5.6078400e-01   1.2026100e-01   1.8562100e-01
   5.5617035e-01   1.1872312e-01   1.8531347e-01
   5.5155671e-01   1.1718524e-01   1.8500594e-01
   5.4694306e-01   1.1564735e-01   1.8469841e-01
   5.4232941e-01   1.1410947e-01   1.8439088e-01
   5.3886924e-01   1.1280229e-01   1.8408329e-01
   5.3579355e-01   1.1157202e-01   1.8377569e-01
   5.3271786e-01   1.1034175e-01   1.8346808e-01
   5.2964218e-01   1.0911147e-01   1.8316047e-01
   5.2656649e-01   1.0788120e-01   1.8285286e-01
   5.2349080e-01   1.0665092e-01   1.8254525e-01
   5.2041512e-01   1.0542065e-01   1.8223765e-01
   5.1733943e-01   1.0419037e-01   1.8193004e-01
   5.1426375e-01   1.0296010e-01   1.8162243e-01
   5.1118806e-01   1.0172982e-01   1.8131482e-01
   5.0811237e-01   1.0049955e-01   1.8100722e-01
   5.0503669e-01   9.9269275e-02   1.8069961e-01
   5.0196100e-01   9.8039000e-02   1.8039200e-01
   4.9703982e-01   9.6501118e-02   1.7916173e-01
   4.9211865e-01   9.4963235e-02   1.7793145e-01
   4.8719747e-01   9.3425353e-02   1.7670118e-01
   4.8227629e-01   9.1887471e-02   1.7547090e-01
   4.7735512e-01   9.0349588e-02   1.7424063e-01
   4.7243394e-01   8.8811706e-02   1.7301035e-01
   4.6751276e-01   8.7273824e-02   1.7178008e-01
   4.6259159e-01   8.5735941e-02   1.7054980e-01
   4.5767041e-01   8.4198059e-02   1.6931953e-01
   4.5274924e-01   8.2660176e-02   1.6808925e-01
   4.4782806e-01   8.1122294e-02   1.6685898e-01
   4.4290688e-01   7.9584412e-02   1.6562871e-01
   4.3883153e-01   7.8200333e-02   1.6462910e-01
   4.3729365e-01   7.7277667e-02   1.6432149e-01
   4.3575576e-01   7.6355000e-02   1.6401388e-01
   4.3421788e-01   7.5432333e-02   1.6370627e-01
   4.3268000e-01   7.4509667e-02   1.6339867e-01
   4.3114212e-01   7.3587000e-02   1.6309106e-01
   4.2960424e-01   7.2664333e-02   1.6278345e-01
   4.2806635e-01   7.1741667e-02   1.6247584e-01
   4.2652847e-01   7.0819000e-02   1.6216824e-01
   4.2499059e-01   6.9896333e-02   1.6186063e-01
   4.2345271e-01   6.8973667e-02   1.6155302e-01
   4.2191482e-01   6.8051000e-02   1.6124541e-01
   4.2037694e-01   6.7128333e-02   1.6093780e-01
   4.1653224e-01   6.6051824e-02   1.5986129e-01
   4.1038071e-01   6.4821471e-02   1.5801588e-01
   4.0422918e-01   6.3591118e-02   1.5617047e-01
   3.9807765e-01   6.2360765e-02   1.5432506e-01
   3.9192612e-01   6.1130412e-02   1.5247965e-01
   3.8577459e-01   5.9900059e-02   1.5063424e-01
   3.7962306e-01   5.8669706e-02   1.4878882e-01
   3.7347153e-01   5.7439353e-02   1.4694341e-01
   3.6732000e-01   5.6209000e-02   1.4509800e-01
   3.6116847e-01   5.4978647e-02   1.4325259e-01
   3.5501694e-01   5.3748294e-02   1.4140718e-01
   3.4886541e-01   5.2517941e-02   1.3956176e-01
   3.4271388e-01   5.1287588e-02   1.3771635e-01
   3.3748512e-01   5.0288000e-02   1.3610159e-01
   3.3256394e-01   4.9365333e-02   1.3456371e-01
   3.2764276e-01   4.8442667e-02   1.3302582e-01
   3.2272159e-01   4.7520000e-02   1.3148794e-01
   3.1780041e-01   4.6597333e-02   1.2995006e-01
   3.1287924e-01   4.5674667e-02   1.2841218e-01
   3.0795806e-01   4.4752000e-02   1.2687429e-01
   3.0303688e-01   4.3829333e-02   1.2533641e-01
   2.9811571e-01   4.2906667e-02   1.2379853e-01
   2.9319453e-01   4.1984000e-02   1.2226065e-01
   2.8827335e-01   4.1061333e-02   1.2072276e-01
   2.8335218e-01   4.0138667e-02   1.1918488e-01
   2.7843100e-01   3.9216000e-02   1.1764700e-01
