   1.6470600e-01   2.0784300e-01   2.3921600e-01
   1.6778176e-01   2.1584002e-01   2.4905835e-01
   1.7085753e-01   2.2383704e-01   2.5890071e-01
   1.7393329e-01   2.3183406e-01   2.6874306e-01
   1.7700906e-01   2.3983108e-01   2.7858541e-01
   1.8008482e-01   2.4782810e-01   2.8842776e-01
   1.8316059e-01   2.5582512e-01   2.9827012e-01
   1.8469841e-01   2.6305312e-01   3.0772796e-01
   1.8531347e-01   2.6981971e-01   3.1695510e-01
   1.8592853e-01   2.7658629e-01   3.2618224e-01
   1.8654359e-01   2.8335288e-01   3.3540937e-01
   1.8715865e-01   2.9011947e-01   3.4463651e-01
   1.8777371e-01   2.9688606e-01   3.5386365e-01
   1.8815812e-01   3.0396024e-01   3.6309080e-01
   1.8785059e-01   3.1195718e-01   3.7231802e-01
   1.8754306e-01   3.1995412e-01   3.8154524e-01
   1.8723553e-01   3.2795106e-01   3.9077245e-01
   1.8692800e-01   3.3594800e-01   3.9999967e-01
   1.8662047e-01   3.4394494e-01   4.0922688e-01
   1.8631294e-01   3.5194188e-01   4.1845410e-01
   1.8600541e-01   3.5993882e-01   4.2768131e-01
   1.8569788e-01   3.6793576e-01   4.3690853e-01
   1.8539035e-01   3.7593271e-01   4.4613575e-01
   1.8508282e-01   3.8392965e-01   4.5536296e-01
   1.8477529e-01   3.9192659e-01   4.6459018e-01
   1.8446776e-01   3.9992353e-01   4.7381739e-01
   1.8539051e-01   4.0899694e-01   4.8319841e-01
   1.8754353e-01   4.1914682e-01   4.9273324e-01
   1.8969655e-01   4.2929671e-01   5.0226806e-01
   1.9184957e-01   4.3944659e-01   5.1180288e-01
   1.9400259e-01   4.4959647e-01   5.2133771e-01
   1.9615561e-01   4.5974635e-01   5.3087253e-01
   1.9830863e-01   4.6989624e-01   5.4040735e-01
   2.0046165e-01   4.8004612e-01   5.4994218e-01
   2.0261467e-01   4.9019600e-01   5.5947700e-01
   2.0476769e-01   5.0034588e-01   5.6901182e-01
   2.0692071e-01   5.1049576e-01   5.7854665e-01
   2.0907373e-01   5.2064565e-01   5.8808147e-01
   2.1122675e-01   5.3079553e-01   5.9761629e-01
   2.1176500e-01   5.4209888e-01   6.0599771e-01
   2.1176500e-01   5.5378673e-01   6.1399465e-01
   2.1176500e-01   5.6547457e-01   6.2199159e-01
   2.1176500e-01   5.7716241e-01   6.2998853e-01
   2.1176500e-01   5.8885025e-01   6.3798547e-01
   2.1176500e-01   6.0053810e-01   6.4598241e-01
   2.1176500e-01   6.1222594e-01   6.5397935e-01
   2.1176500e-01   6.2391378e-01   6.6197629e-01
   2.1176500e-01   6.3560163e-01   6.6997324e-01
   2.1176500e-01   6.4728947e-01   6.7797018e-01
   2.1176500e-01   6.5897731e-01   6.8596712e-01
   2.1176500e-01   6.7066516e-01   6.9396406e-01
   2.1176500e-01   6.8235300e-01   7.0196100e-01
   2.1699371e-01   6.9158022e-01   7.0842006e-01
   2.2222241e-01   7.0080743e-01   7.1487912e-01
   2.2745112e-01   7.1003465e-01   7.2133818e-01
   2.3267982e-01   7.1926186e-01   7.2779724e-01
   2.3790853e-01   7.2848908e-01   7.3425629e-01
   2.4313724e-01   7.3771629e-01   7.4071535e-01
   2.4836594e-01   7.4694351e-01   7.4717441e-01
   2.5359465e-01   7.5617073e-01   7.5363347e-01
   2.5882335e-01   7.6539794e-01   7.6009253e-01
   2.6405206e-01   7.7462516e-01   7.6655159e-01
   2.6928076e-01   7.8385237e-01   7.7301065e-01
   2.7450947e-01   7.9307959e-01   7.7946971e-01
   2.8058402e-01   8.0199924e-01   7.8523673e-01
   2.8919610e-01   8.0999618e-01   7.8892763e-01
   2.9780818e-01   8.1799312e-01   7.9261853e-01
   3.0642025e-01   8.2599006e-01   7.9630943e-01
   3.1503233e-01   8.3398700e-01   8.0000033e-01
   3.2364441e-01   8.4198394e-01   8.0369124e-01
   3.3225649e-01   8.4998088e-01   8.0738214e-01
   3.4086857e-01   8.5797782e-01   8.1107304e-01
   3.4948065e-01   8.6597476e-01   8.1476394e-01
   3.5809273e-01   8.7397171e-01   8.1845484e-01
   3.6670480e-01   8.8196865e-01   8.2214575e-01
   3.7531688e-01   8.8996559e-01   8.2583665e-01
   3.8392896e-01   8.9796253e-01   8.2952755e-01
   3.9223347e-01   9.0349884e-01   8.3091163e-01
   4.0023041e-01   9.0657453e-01   8.2998888e-01
   4.0822735e-01   9.0965022e-01   8.2906614e-01
   4.1622429e-01   9.1272590e-01   8.2814339e-01
   4.2422124e-01   9.1580159e-01   8.2722065e-01
   4.3221818e-01   9.1887727e-01   8.2629790e-01
   4.4021512e-01   9.2195296e-01   8.2537516e-01
   4.4821206e-01   9.2502865e-01   8.2445241e-01
   4.5620900e-01   9.2810433e-01   8.2352967e-01
   4.6420594e-01   9.3118002e-01   8.2260692e-01
   4.7220288e-01   9.3425571e-01   8.2168418e-01
   4.8019982e-01   9.3733139e-01   8.2076143e-01
   4.8819676e-01   9.4040708e-01   8.1983869e-01
   4.9527100e-01   9.4232941e-01   8.1845459e-01
   5.0203767e-01   9.4386729e-01   8.1691671e-01
   5.0880433e-01   9.4540518e-01   8.1537882e-01
   5.1557100e-01   9.4694306e-01   8.1384094e-01
   5.2233767e-01   9.4848094e-01   8.1230306e-01
   5.2910433e-01   9.5001882e-01   8.1076518e-01
   5.3587100e-01   9.5155671e-01   8.0922729e-01
   5.4263767e-01   9.5309459e-01   8.0768941e-01
   5.4940433e-01   9.5463247e-01   8.0615153e-01
   5.5617100e-01   9.5617035e-01   8.0461365e-01
   5.6293767e-01   9.5770824e-01   8.0307576e-01
   5.6970433e-01   9.5924612e-01   8.0153788e-01
   5.7647100e-01   9.6078400e-01   8.0000000e-01
   5.9338755e-01   9.6293702e-01   8.0584392e-01
   6.1030410e-01   9.6509004e-01   8.1168784e-01
   6.2722065e-01   9.6724306e-01   8.1753176e-01
   6.4413720e-01   9.6939608e-01   8.2337569e-01
   6.6105375e-01   9.7154910e-01   8.2921961e-01
   6.7797029e-01   9.7370212e-01   8.3506353e-01
   6.9488684e-01   9.7585514e-01   8.4090745e-01
   7.1180339e-01   9.7800816e-01   8.4675137e-01
   7.2871994e-01   9.8016118e-01   8.5259529e-01
   7.4563649e-01   9.8231420e-01   8.5843922e-01
   7.6255304e-01   9.8446722e-01   8.6428314e-01
   7.7946959e-01   9.8662024e-01   8.7012706e-01
   7.9427156e-01   9.8852336e-01   8.7566341e-01
   8.0272979e-01   9.8967679e-01   8.8027703e-01
   8.1118803e-01   9.9083022e-01   8.8489066e-01
   8.1964626e-01   9.9198365e-01   8.8950429e-01
   8.2810450e-01   9.9313708e-01   8.9411792e-01
   8.3656274e-01   9.9429051e-01   8.9873154e-01
   8.4502097e-01   9.9544395e-01   9.0334517e-01
   8.5347921e-01   9.9659738e-01   9.0795880e-01
   8.6193744e-01   9.9775081e-01   9.1257243e-01
   8.7039568e-01   9.9890424e-01   9.1718605e-01
   8.8058402e-01   9.9946175e-01   9.1980045e-01
   9.2364441e-01   9.8869665e-01   8.8442947e-01
   9.6670480e-01   9.7793155e-01   8.4905849e-01
   9.8562065e-01   9.6839676e-01   8.2260712e-01
   9.8039194e-01   9.6009229e-01   8.0507535e-01
   9.7516324e-01   9.5178782e-01   7.8754359e-01
   9.6993453e-01   9.4348335e-01   7.7001182e-01
   9.6470582e-01   9.3517888e-01   7.5248006e-01
   9.5947712e-01   9.2687441e-01   7.3494829e-01
   9.5424841e-01   9.1856994e-01   7.1741653e-01
   9.4901971e-01   9.1026547e-01   6.9988476e-01
   9.4379100e-01   9.0196100e-01   6.8235300e-01
   9.3856229e-01   8.9365653e-01   6.6482124e-01
   9.3333359e-01   8.8535206e-01   6.4728947e-01
   9.2810488e-01   8.7704759e-01   6.2975771e-01
   9.2287618e-01   8.6874312e-01   6.1222594e-01
   9.1972353e-01   8.6320676e-01   6.0184529e-01
   9.1726290e-01   8.5859312e-01   5.9384835e-01
   9.1480227e-01   8.5397947e-01   5.8585141e-01
   9.1234165e-01   8.4936582e-01   5.7785447e-01
   9.0988102e-01   8.4475218e-01   5.6985753e-01
   9.0742039e-01   8.4013853e-01   5.6186059e-01
   9.0495976e-01   8.3552488e-01   5.5386365e-01
   9.0249914e-01   8.3091124e-01   5.4586671e-01
   9.0003851e-01   8.2629759e-01   5.3786976e-01
   8.9757788e-01   8.2168394e-01   5.2987282e-01
   8.9511725e-01   8.1707029e-01   5.2187588e-01
   8.9265663e-01   8.1245665e-01   5.1387894e-01
   8.9019600e-01   8.0784300e-01   5.0588200e-01
   8.8619757e-01   8.0107641e-01   5.0126843e-01
   8.8219914e-01   7.9430982e-01   4.9665486e-01
   8.7820071e-01   7.8754324e-01   4.9204129e-01
   8.7420227e-01   7.8077665e-01   4.8742773e-01
   8.7020384e-01   7.7401006e-01   4.8281416e-01
   8.6620541e-01   7.6724347e-01   4.7820059e-01
   8.6220698e-01   7.6047688e-01   4.7358702e-01
   8.5820855e-01   7.5371029e-01   4.6897345e-01
   8.5421012e-01   7.4694371e-01   4.6435988e-01
   8.5021169e-01   7.4017712e-01   4.5974631e-01
   8.4621325e-01   7.3341053e-01   4.5513275e-01
   8.4221482e-01   7.2664394e-01   4.5051918e-01
   8.3767812e-01   7.1980045e-01   4.4559802e-01
   8.3152659e-01   7.1272625e-01   4.3975410e-01
   8.2537506e-01   7.0565206e-01   4.3391018e-01
   8.1922353e-01   6.9857786e-01   4.2806625e-01
   8.1307200e-01   6.9150367e-01   4.2222233e-01
   8.0692047e-01   6.8442947e-01   4.1637841e-01
   8.0076894e-01   6.7735527e-01   4.1053449e-01
   7.9461741e-01   6.7028108e-01   4.0469057e-01
   7.8846588e-01   6.6320688e-01   3.9884665e-01
   7.8231435e-01   6.5613269e-01   3.9300273e-01
   7.7616282e-01   6.4905849e-01   3.8715880e-01
   7.7001129e-01   6.4198429e-01   3.8131488e-01
   7.6385976e-01   6.3491010e-01   3.7547096e-01
   7.5647796e-01   6.2891237e-01   3.6962704e-01
   7.4786588e-01   6.2399112e-01   3.6378312e-01
   7.3925380e-01   6.1906986e-01   3.5793920e-01
   7.3064173e-01   6.1414861e-01   3.5209527e-01
   7.2202965e-01   6.0922735e-01   3.4625135e-01
   7.1341757e-01   6.0430610e-01   3.4040743e-01
   7.0480549e-01   5.9938484e-01   3.3456351e-01
   6.9619341e-01   5.9446359e-01   3.2871959e-01
   6.8758133e-01   5.8954233e-01   3.2287567e-01
   6.7896925e-01   5.8462108e-01   3.1703175e-01
   6.7035718e-01   5.7969982e-01   3.1118782e-01
   6.6174510e-01   5.7477857e-01   3.0534390e-01
   6.5313302e-01   5.6985731e-01   2.9949998e-01
   6.4452094e-01   5.6539747e-01   2.9457882e-01
   6.3590886e-01   5.6109143e-01   2.8996525e-01
   6.2729678e-01   5.5678539e-01   2.8535169e-01
   6.1868471e-01   5.5247935e-01   2.8073812e-01
   6.1007263e-01   5.4817331e-01   2.7612455e-01
   6.0146055e-01   5.4386727e-01   2.7151098e-01
   5.9284847e-01   5.3956124e-01   2.6689741e-01
   5.8423639e-01   5.3525520e-01   2.6228384e-01
   5.7562431e-01   5.3094916e-01   2.5767027e-01
   5.6701224e-01   5.2664312e-01   2.5305671e-01
   5.5840016e-01   5.2233708e-01   2.4844314e-01
   5.4978808e-01   5.1803104e-01   2.4382957e-01
   5.4117600e-01   5.1372500e-01   2.3921600e-01
   5.3317914e-01   5.0788116e-01   2.3490996e-01
   5.2518227e-01   5.0203731e-01   2.3060392e-01
   5.1718541e-01   4.9619347e-01   2.2629788e-01
   5.0918855e-01   4.9034963e-01   2.2199184e-01
   5.0119169e-01   4.8450578e-01   2.1768580e-01
   4.9319482e-01   4.7866194e-01   2.1337976e-01
   4.8519796e-01   4.7281810e-01   2.0907373e-01
   4.7720110e-01   4.6697425e-01   2.0476769e-01
   4.6920424e-01   4.6113041e-01   2.0046165e-01
   4.6120737e-01   4.5528657e-01   1.9615561e-01
   4.5321051e-01   4.4944273e-01   1.9184957e-01
   4.4521365e-01   4.4359888e-01   1.8754353e-01
   4.3660161e-01   4.3767812e-01   1.8316059e-01
   4.2614404e-01   4.3152659e-01   1.7854694e-01
   4.1568647e-01   4.2537506e-01   1.7393329e-01
   4.0522890e-01   4.1922353e-01   1.6931965e-01
   3.9477133e-01   4.1307200e-01   1.6470600e-01
   3.8431376e-01   4.0692047e-01   1.6009235e-01
   3.7385620e-01   4.0076894e-01   1.5547871e-01
   3.6339863e-01   3.9461741e-01   1.5086506e-01
   3.5294106e-01   3.8846588e-01   1.4625141e-01
   3.4248349e-01   3.8231435e-01   1.4163776e-01
   3.3202592e-01   3.7616282e-01   1.3702412e-01
   3.2156835e-01   3.7001129e-01   1.3241047e-01
   3.1111078e-01   3.6385976e-01   1.2779682e-01
   3.0188357e-01   3.5678557e-01   1.2518243e-01
   2.9388671e-01   3.4878871e-01   1.2456729e-01
   2.8588984e-01   3.4079184e-01   1.2395216e-01
   2.7789298e-01   3.3279498e-01   1.2333702e-01
   2.6989612e-01   3.2479812e-01   1.2272188e-01
   2.6189925e-01   3.1680125e-01   1.2210675e-01
   2.5390239e-01   3.0880439e-01   1.2149161e-01
   2.4590553e-01   3.0080753e-01   1.2087647e-01
   2.3790867e-01   2.9281067e-01   1.2026133e-01
   2.2991180e-01   2.8481380e-01   1.1964620e-01
   2.2191494e-01   2.7681694e-01   1.1903106e-01
   2.1391808e-01   2.6882008e-01   1.1841592e-01
   2.0592122e-01   2.6082322e-01   1.1780078e-01
   1.9884700e-01   2.5305694e-01   1.1649359e-01
   1.9208033e-01   2.4536753e-01   1.1495571e-01
   1.8531367e-01   2.3767812e-01   1.1341782e-01
   1.7854700e-01   2.2998871e-01   1.1187994e-01
   1.7178033e-01   2.2229929e-01   1.1034206e-01
   1.6501367e-01   2.1460988e-01   1.0880418e-01
   1.5824700e-01   2.0692047e-01   1.0726629e-01
   1.5148033e-01   1.9923106e-01   1.0572841e-01
   1.4471367e-01   1.9154165e-01   1.0419053e-01
   1.3794700e-01   1.8385224e-01   1.0265265e-01
   1.3118033e-01   1.7616282e-01   1.0111476e-01
   1.2441367e-01   1.6847341e-01   9.9576882e-02
   1.1764700e-01   1.6078400e-01   9.8039000e-02
