   1.0000000e+00   9.9607800e-01   9.4117600e-01
   9.9615529e-01   9.9223349e-01   9.2579737e-01
   9.9231059e-01   9.8838898e-01   9.1041875e-01
   9.8846588e-01   9.8454447e-01   8.9504012e-01
   9.8462118e-01   9.8069996e-01   8.7966149e-01
   9.8077647e-01   9.7685545e-01   8.6428286e-01
   9.7900788e-01   9.7416418e-01   8.5490182e-01
   9.7746997e-01   9.7160104e-01   8.4618718e-01
   9.7593207e-01   9.6903790e-01   8.3747254e-01
   9.7439416e-01   9.6647476e-01   8.2875790e-01
   9.7285625e-01   9.6391163e-01   8.2004326e-01
   9.7131834e-01   9.6134849e-01   8.1132862e-01
   9.6978043e-01   9.5878535e-01   8.0261398e-01
   9.6808875e-01   9.5586337e-01   7.9377120e-01
   9.6593573e-01   9.5186486e-01   7.8454398e-01
   9.6378271e-01   9.4786635e-01   7.7531676e-01
   9.6162969e-01   9.4386784e-01   7.6608955e-01
   9.5947667e-01   9.3986933e-01   7.5686233e-01
   9.5732365e-01   9.3587082e-01   7.4763512e-01
   9.5517063e-01   9.3187231e-01   7.3840790e-01
   9.5301761e-01   9.2787380e-01   7.2918069e-01
   9.5086459e-01   9.2387529e-01   7.1995347e-01
   9.4871157e-01   9.1987678e-01   7.1072625e-01
   9.4655855e-01   9.1587827e-01   7.0149904e-01
   9.4440553e-01   9.1187976e-01   6.9227182e-01
   9.4225251e-01   9.0788125e-01   6.8304461e-01
   9.4040708e-01   9.0434414e-01   6.7573973e-01
   9.3886924e-01   9.0126841e-01   6.7035718e-01
   9.3733139e-01   8.9819269e-01   6.6497463e-01
   9.3579355e-01   8.9511696e-01   6.5959208e-01
   9.3425571e-01   8.9204124e-01   6.5420953e-01
   9.3271786e-01   8.8896551e-01   6.4882698e-01
   9.3118002e-01   8.8588978e-01   6.4344443e-01
   9.2964218e-01   8.8281406e-01   6.3806188e-01
   9.2810433e-01   8.7973833e-01   6.3267933e-01
   9.2656649e-01   8.7666261e-01   6.2729678e-01
   9.2502865e-01   8.7358688e-01   6.2191424e-01
   9.2349080e-01   8.7051116e-01   6.1653169e-01
   9.2195296e-01   8.6743543e-01   6.1114914e-01
   9.2041512e-01   8.6435971e-01   6.0576659e-01
   9.1887727e-01   8.6128398e-01   6.0038404e-01
   9.1733943e-01   8.5820825e-01   5.9500149e-01
   9.1580159e-01   8.5513253e-01   5.8961894e-01
   9.1426375e-01   8.5205680e-01   5.8423639e-01
   9.1272590e-01   8.4898108e-01   5.7885384e-01
   9.1118806e-01   8.4590535e-01   5.7347129e-01
   9.0965022e-01   8.4282963e-01   5.6808875e-01
   9.0811237e-01   8.3975390e-01   5.6270620e-01
   9.0657453e-01   8.3667818e-01   5.5732365e-01
   9.0503669e-01   8.3360245e-01   5.5194110e-01
   9.0349884e-01   8.3052673e-01   5.4655855e-01
   9.0196100e-01   8.2745100e-01   5.4117600e-01
   8.9996175e-01   8.2376010e-01   5.3794651e-01
   8.9796249e-01   8.2006920e-01   5.3471702e-01
   8.9596324e-01   8.1637829e-01   5.3148753e-01
   8.9396398e-01   8.1268739e-01   5.2825804e-01
   8.9196473e-01   8.0899649e-01   5.2502855e-01
   8.8996547e-01   8.0530559e-01   5.2179906e-01
   8.8796622e-01   8.0161469e-01   5.1856957e-01
   8.8596696e-01   7.9792378e-01   5.1534008e-01
   8.8396771e-01   7.9423288e-01   5.1211059e-01
   8.8196845e-01   7.9054198e-01   5.0888110e-01
   8.7996920e-01   7.8685108e-01   5.0565161e-01
   8.7796994e-01   7.8316018e-01   5.0242212e-01
   8.7597069e-01   7.7946927e-01   4.9919263e-01
   8.7397143e-01   7.7577837e-01   4.9596314e-01
   8.7197218e-01   7.7208747e-01   4.9273365e-01
   8.6997292e-01   7.6839657e-01   4.8950416e-01
   8.6797367e-01   7.6470567e-01   4.8627467e-01
   8.6597441e-01   7.6101476e-01   4.8304518e-01
   8.6397516e-01   7.5732386e-01   4.7981569e-01
   8.6197590e-01   7.5363296e-01   4.7658620e-01
   8.5997665e-01   7.4994206e-01   4.7335671e-01
   8.5797739e-01   7.4625116e-01   4.7012722e-01
   8.5597814e-01   7.4256025e-01   4.6689773e-01
   8.5397888e-01   7.3886935e-01   4.6366824e-01
   8.5197963e-01   7.3517845e-01   4.6043875e-01
   8.4998039e-01   7.3164135e-01   4.5767059e-01
   8.4798118e-01   7.2825806e-01   4.5536376e-01
   8.4598196e-01   7.2487476e-01   4.5305694e-01
   8.4398275e-01   7.2149147e-01   4.5075012e-01
   8.4198353e-01   7.1810818e-01   4.4844329e-01
   8.3998431e-01   7.1472488e-01   4.4613647e-01
   8.3798510e-01   7.1134159e-01   4.4382965e-01
   8.3598588e-01   7.0795829e-01   4.4152282e-01
   8.3398667e-01   7.0457500e-01   4.3921600e-01
   8.3198745e-01   7.0119171e-01   4.3690918e-01
   8.2998824e-01   6.9780841e-01   4.3460235e-01
   8.2798902e-01   6.9442512e-01   4.3229553e-01
   8.2598980e-01   6.9104182e-01   4.2998871e-01
   8.2399059e-01   6.8765853e-01   4.2768188e-01
   8.2199137e-01   6.8427524e-01   4.2537506e-01
   8.1999216e-01   6.8089194e-01   4.2306824e-01
   8.1799294e-01   6.7750865e-01   4.2076141e-01
   8.1599373e-01   6.7412535e-01   4.1845459e-01
   8.1399451e-01   6.7074206e-01   4.1614776e-01
   8.1199529e-01   6.6735876e-01   4.1384094e-01
   8.0999608e-01   6.6397547e-01   4.1153412e-01
   8.0799686e-01   6.6059218e-01   4.0922729e-01
   8.0599765e-01   6.5720888e-01   4.0692047e-01
   8.0399843e-01   6.5382559e-01   4.0461365e-01
   8.0199922e-01   6.5044229e-01   4.0230682e-01
   8.0000000e-01   6.4705900e-01   4.0000000e-01
   7.9846212e-01   6.4367567e-01   3.9800078e-01
   7.9692424e-01   6.4029233e-01   3.9600157e-01
   7.9538635e-01   6.3690900e-01   3.9400235e-01
   7.9384847e-01   6.3352567e-01   3.9200314e-01
   7.9231059e-01   6.3014233e-01   3.9000392e-01
   7.9077271e-01   6.2675900e-01   3.8800471e-01
   7.8923482e-01   6.2337567e-01   3.8600549e-01
   7.8769694e-01   6.1999233e-01   3.8400627e-01
   7.8615906e-01   6.1660900e-01   3.8200706e-01
   7.8462118e-01   6.1322567e-01   3.8000784e-01
   7.8308329e-01   6.0984233e-01   3.7800863e-01
   7.8154541e-01   6.0645900e-01   3.7600941e-01
   7.8000753e-01   6.0307567e-01   3.7401020e-01
   7.7846965e-01   5.9969233e-01   3.7201098e-01
   7.7693176e-01   5.9630900e-01   3.7001176e-01
   7.7539388e-01   5.9292567e-01   3.6801255e-01
   7.7385600e-01   5.8954233e-01   3.6601333e-01
   7.7231812e-01   5.8615900e-01   3.6401412e-01
   7.7078024e-01   5.8277567e-01   3.6201490e-01
   7.6924235e-01   5.7939233e-01   3.6001569e-01
   7.6770447e-01   5.7600900e-01   3.5801647e-01
   7.6616659e-01   5.7262567e-01   3.5601725e-01
   7.6462871e-01   5.6924233e-01   3.5401804e-01
   7.6309082e-01   5.6585900e-01   3.5201882e-01
   7.6155294e-01   5.6247567e-01   3.5001961e-01
   7.5924616e-01   5.5878478e-01   3.4748212e-01
   7.5617047e-01   5.5478635e-01   3.4440635e-01
   7.5309478e-01   5.5078792e-01   3.4133059e-01
   7.5001910e-01   5.4678949e-01   3.3825482e-01
   7.4694341e-01   5.4279106e-01   3.3517906e-01
   7.4386773e-01   5.3879263e-01   3.3210329e-01
   7.4079204e-01   5.3479420e-01   3.2902753e-01
   7.3771635e-01   5.3079576e-01   3.2595176e-01
   7.3464067e-01   5.2679733e-01   3.2287600e-01
   7.3156498e-01   5.2279890e-01   3.1980024e-01
   7.2848929e-01   5.1880047e-01   3.1672447e-01
   7.2541361e-01   5.1480204e-01   3.1364871e-01
   7.2233792e-01   5.1080361e-01   3.1057294e-01
   7.1972353e-01   5.0703582e-01   3.0772788e-01
   7.1726290e-01   5.0334492e-01   3.0495973e-01
   7.1480227e-01   4.9965402e-01   3.0219157e-01
   7.1234165e-01   4.9596312e-01   2.9942341e-01
   7.0988102e-01   4.9227222e-01   2.9665525e-01
   7.0742039e-01   4.8858131e-01   2.9388710e-01
   7.0495976e-01   4.8489041e-01   2.9111894e-01
   7.0249914e-01   4.8119951e-01   2.8835078e-01
   7.0003851e-01   4.7750861e-01   2.8558263e-01
   6.9757788e-01   4.7381771e-01   2.8281447e-01
   6.9511725e-01   4.7012680e-01   2.8004631e-01
   6.9265663e-01   4.6643590e-01   2.7727816e-01
   6.9019600e-01   4.6274500e-01   2.7451000e-01
   6.8773545e-01   4.5997684e-01   2.7512514e-01
   6.8527490e-01   4.5720869e-01   2.7574027e-01
   6.8281435e-01   4.5444053e-01   2.7635541e-01
   6.8035380e-01   4.5167237e-01   2.7697055e-01
   6.7789325e-01   4.4890422e-01   2.7758569e-01
   6.7543271e-01   4.4613606e-01   2.7820082e-01
   6.7297216e-01   4.4336790e-01   2.7881596e-01
   6.7051161e-01   4.4059975e-01   2.7943110e-01
   6.6805106e-01   4.3783159e-01   2.8004624e-01
   6.6559051e-01   4.3506343e-01   2.8066137e-01
   6.6312996e-01   4.3229527e-01   2.8127651e-01
   6.6066941e-01   4.2952712e-01   2.8189165e-01
   6.5828575e-01   4.2698965e-01   2.8250678e-01
   6.5613273e-01   4.2514424e-01   2.8312192e-01
   6.5397971e-01   4.2329882e-01   2.8373706e-01
   6.5182669e-01   4.2145341e-01   2.8435220e-01
   6.4967367e-01   4.1960800e-01   2.8496733e-01
   6.4752065e-01   4.1776259e-01   2.8558247e-01
   6.4536763e-01   4.1591718e-01   2.8619761e-01
   6.4321461e-01   4.1407176e-01   2.8681275e-01
   6.4106159e-01   4.1222635e-01   2.8742788e-01
   6.3890857e-01   4.1038094e-01   2.8804302e-01
   6.3675555e-01   4.0853553e-01   2.8865816e-01
   6.3460253e-01   4.0669012e-01   2.8927329e-01
   6.3244951e-01   4.0484471e-01   2.8988843e-01
   6.3014269e-01   4.0299925e-01   2.9034980e-01
   6.2768206e-01   4.0115376e-01   2.9065741e-01
   6.2522143e-01   3.9930827e-01   2.9096502e-01
   6.2276080e-01   3.9746278e-01   2.9127263e-01
   6.2030018e-01   3.9561729e-01   2.9158024e-01
   6.1783955e-01   3.9377180e-01   2.9188784e-01
   6.1537892e-01   3.9192631e-01   2.9219545e-01
   6.1291829e-01   3.9008082e-01   2.9250306e-01
   6.1045767e-01   3.8823533e-01   2.9281067e-01
   6.0799704e-01   3.8638984e-01   2.9311827e-01
   6.0553641e-01   3.8454435e-01   2.9342588e-01
   6.0307578e-01   3.8269886e-01   2.9373349e-01
   6.0061516e-01   3.8085337e-01   2.9404110e-01
   5.9700118e-01   3.7877724e-01   2.9365665e-01
   5.9300275e-01   3.7662422e-01   2.9304151e-01
   5.8900431e-01   3.7447120e-01   2.9242637e-01
   5.8500588e-01   3.7231818e-01   2.9181124e-01
   5.8100745e-01   3.7016516e-01   2.9119610e-01
   5.7700902e-01   3.6801214e-01   2.9058096e-01
   5.7301059e-01   3.6585912e-01   2.8996582e-01
   5.6901216e-01   3.6370610e-01   2.8935069e-01
   5.6501373e-01   3.6155308e-01   2.8873555e-01
   5.6101529e-01   3.5940006e-01   2.8812041e-01
   5.5701686e-01   3.5724704e-01   2.8750527e-01
   5.5301843e-01   3.5509402e-01   2.8689014e-01
   5.4902000e-01   3.5294100e-01   2.8627500e-01
   5.4594424e-01   3.5078798e-01   2.8596739e-01
   5.4286847e-01   3.4863496e-01   2.8565978e-01
   5.3979271e-01   3.4648194e-01   2.8535218e-01
   5.3671694e-01   3.4432892e-01   2.8504457e-01
   5.3364118e-01   3.4217590e-01   2.8473696e-01
   5.3056541e-01   3.4002288e-01   2.8442935e-01
   5.2748965e-01   3.3786986e-01   2.8412175e-01
   5.2441388e-01   3.3571684e-01   2.8381414e-01
   5.2133812e-01   3.3356382e-01   2.8350653e-01
   5.1826235e-01   3.3141080e-01   2.8319892e-01
   5.1518659e-01   3.2925778e-01   2.8289131e-01
   5.1211082e-01   3.2710476e-01   2.8258371e-01
   5.0903506e-01   3.2502865e-01   2.8219922e-01
   5.0595929e-01   3.2318324e-01   2.8158408e-01
   5.0288353e-01   3.2133782e-01   2.8096894e-01
   4.9980776e-01   3.1949241e-01   2.8035380e-01
   4.9673200e-01   3.1764700e-01   2.7973867e-01
   4.9365624e-01   3.1580159e-01   2.7912353e-01
   4.9058047e-01   3.1395618e-01   2.7850839e-01
   4.8750471e-01   3.1211076e-01   2.7789325e-01
   4.8442894e-01   3.1026535e-01   2.7727812e-01
   4.8135318e-01   3.0841994e-01   2.7666298e-01
   4.7827741e-01   3.0657453e-01   2.7604784e-01
   4.7520165e-01   3.0472912e-01   2.7543271e-01
   4.7212588e-01   3.0288371e-01   2.7481757e-01
   4.6905016e-01   3.0088449e-01   2.7404863e-01
   4.6597447e-01   2.9873147e-01   2.7312588e-01
   4.6289878e-01   2.9657845e-01   2.7220314e-01
   4.5982310e-01   2.9442543e-01   2.7128039e-01
   4.5674741e-01   2.9227241e-01   2.7035765e-01
   4.5367173e-01   2.9011939e-01   2.6943490e-01
   4.5059604e-01   2.8796637e-01   2.6851216e-01
   4.4752035e-01   2.8581335e-01   2.6758941e-01
   4.4444467e-01   2.8366033e-01   2.6666667e-01
   4.4136898e-01   2.8150731e-01   2.6574392e-01
   4.3829329e-01   2.7935429e-01   2.6482118e-01
   4.3521761e-01   2.7720127e-01   2.6389843e-01
   4.3214192e-01   2.7504825e-01   2.6297569e-01
   4.2837412e-01   2.7335659e-01   2.6182229e-01
   4.2437561e-01   2.7181871e-01   2.6059202e-01
   4.2037710e-01   2.7028082e-01   2.5936175e-01
   4.1637859e-01   2.6874294e-01   2.5813147e-01
   4.1238008e-01   2.6720506e-01   2.5690120e-01
   4.0838157e-01   2.6566718e-01   2.5567092e-01
   4.0438306e-01   2.6412929e-01   2.5444065e-01
   4.0038455e-01   2.6259141e-01   2.5321037e-01
   3.9638604e-01   2.6105353e-01   2.5198010e-01
   3.9238753e-01   2.5951565e-01   2.5074982e-01
   3.8838902e-01   2.5797776e-01   2.4951955e-01
   3.8439051e-01   2.5643988e-01   2.4828927e-01
   3.8039200e-01   2.5490200e-01   2.4705900e-01
