   9.8502300e-01   9.8823500e-01   8.2470100e-01
   9.8531197e-01   9.8823500e-01   8.1717683e-01
   9.8560201e-01   9.8823500e-01   8.0965174e-01
   9.8589098e-01   9.8823500e-01   8.0212756e-01
   9.8618002e-01   9.8823500e-01   7.9460147e-01
   9.8646999e-01   9.8823500e-01   7.8707730e-01
   9.8675903e-01   9.8823500e-01   7.7955121e-01
   9.8704900e-01   9.8823500e-01   7.7202804e-01
   9.8733797e-01   9.8823500e-01   7.6450387e-01
   9.8762701e-01   9.8823500e-01   7.5697777e-01
   9.8791698e-01   9.8823500e-01   7.4945360e-01
   9.8820597e-01   9.8823492e-01   7.4192758e-01
   9.8771402e-01   9.8693306e-01   7.3544629e-01
   9.8713494e-01   9.8548586e-01   7.2907836e-01
   9.8655601e-01   9.8403801e-01   7.2271106e-01
   9.8597807e-01   9.8259117e-01   7.1634476e-01
   9.8539899e-01   9.8114396e-01   7.0997684e-01
   9.8482005e-01   9.7969712e-01   7.0361054e-01
   9.8424097e-01   9.7824991e-01   6.9724262e-01
   9.8366203e-01   9.7680307e-01   6.9087632e-01
   9.8308395e-01   9.7535586e-01   6.8450840e-01
   9.8250501e-01   9.7390902e-01   6.7814210e-01
   9.8192607e-01   9.7246218e-01   6.7177580e-01
   9.8134699e-01   9.7101497e-01   6.6540787e-01
   9.8076805e-01   9.6956813e-01   6.5904157e-01
   9.8039200e-01   9.6801890e-01   6.5287568e-01
   9.8039200e-01   9.6628310e-01   6.4708832e-01
   9.8039200e-01   9.6454584e-01   6.4129948e-01
   9.8039200e-01   9.6281003e-01   6.3551112e-01
   9.8039200e-01   9.6107278e-01   6.2972228e-01
   9.8039200e-01   9.5933697e-01   6.2393491e-01
   9.8039200e-01   9.5760016e-01   6.1814755e-01
   9.8039200e-01   9.5586391e-01   6.1235771e-01
   9.8039200e-01   9.5412810e-01   6.0657035e-01
   9.8039200e-01   9.5239085e-01   6.0078151e-01
   9.8039200e-01   9.5065504e-01   5.9499314e-01
   9.8039200e-01   9.4891779e-01   5.8920431e-01
   9.8039200e-01   9.4718198e-01   5.8341694e-01
   9.8039200e-01   9.4544517e-01   5.7762958e-01
   9.7969696e-01   9.4278287e-01   5.7114570e-01
   9.7882906e-01   9.3988819e-01   5.6448943e-01
   9.7796093e-01   9.3699377e-01   5.5783247e-01
   9.7709303e-01   9.3410009e-01   5.5117620e-01
   9.7622390e-01   9.3120567e-01   5.4451923e-01
   9.7535600e-01   9.2831199e-01   5.3786297e-01
   9.7448809e-01   9.2541830e-01   5.3120770e-01
   9.7361997e-01   9.2252288e-01   5.2454973e-01
   9.7275106e-01   9.1962920e-01   5.1789447e-01
   9.7188293e-01   9.1673478e-01   5.1123650e-01
   9.7101503e-01   9.1384110e-01   5.0458023e-01
   9.7014590e-01   9.1094668e-01   4.9792327e-01
   9.6927800e-01   9.0805300e-01   4.9126700e-01
   9.6862707e-01   9.0508633e-01   4.8446675e-01
   9.6862700e-01   9.0190289e-01   4.7723075e-01
   9.6862700e-01   8.9871924e-01   4.6999554e-01
   9.6862700e-01   8.9553478e-01   4.6275949e-01
   9.6862700e-01   8.9235213e-01   4.5552429e-01
   9.6862700e-01   8.8916767e-01   4.4828824e-01
   9.6862700e-01   8.8598502e-01   4.4105404e-01
   9.6862700e-01   8.8280137e-01   4.3381883e-01
   9.6862700e-01   8.7961790e-01   4.2658278e-01
   9.6862700e-01   8.7643425e-01   4.1934758e-01
   9.6862700e-01   8.7325079e-01   4.1211153e-01
   9.6862700e-01   8.7006714e-01   4.0487633e-01
   9.6862700e-01   8.6688368e-01   3.9764028e-01
   9.6862700e-01   8.6370003e-01   3.9040607e-01
   9.6822205e-01   8.5970648e-01   3.8296889e-01
   9.6764299e-01   8.5536489e-01   3.7544281e-01
   9.6706405e-01   8.5102437e-01   3.6791864e-01
   9.6648497e-01   8.4668274e-01   3.6039355e-01
   9.6590703e-01   8.4234122e-01   3.5286938e-01
   9.6532795e-01   8.3799959e-01   3.4534329e-01
   9.6474901e-01   8.3365907e-01   3.3781911e-01
   9.6417007e-01   8.2931854e-01   3.3029594e-01
   9.6359099e-01   8.2497691e-01   3.2276985e-01
   9.6301205e-01   8.2063639e-01   3.1524568e-01
   9.6243397e-01   8.1629376e-01   3.0771959e-01
   9.6185503e-01   8.1195324e-01   3.0019641e-01
   9.6127594e-01   8.0761161e-01   2.9267036e-01
   9.6065401e-01   8.0322709e-01   2.8553714e-01
   9.5978589e-01   7.9859642e-01   2.8061639e-01
   9.5891699e-01   7.9396593e-01   2.7569693e-01
   9.5804908e-01   7.8933544e-01   2.7077747e-01
   9.5718096e-01   7.8470477e-01   2.6585675e-01
   9.5631305e-01   7.8007428e-01   2.6093730e-01
   9.5544493e-01   7.7544261e-01   2.5601658e-01
   9.5457602e-01   7.7081212e-01   2.5109612e-01
   9.5370790e-01   7.6618144e-01   2.4617541e-01
   9.5283999e-01   7.6155095e-01   2.4125595e-01
   9.5197209e-01   7.5692046e-01   2.3633649e-01
   9.5110396e-01   7.5228979e-01   2.3141578e-01
   9.5023506e-01   7.4765930e-01   2.2649632e-01
   9.4936694e-01   7.4302763e-01   2.2157559e-01
   9.4867302e-01   7.3839814e-01   2.1648215e-01
   9.4809393e-01   7.3376647e-01   2.1127240e-01
   9.4751500e-01   7.2913598e-01   2.0606297e-01
   9.4693606e-01   7.2450649e-01   2.0085455e-01
   9.4635698e-01   7.1987481e-01   1.9564479e-01
   9.4577804e-01   7.1524432e-01   1.9043536e-01
   9.4519896e-01   7.1061365e-01   1.8522561e-01
   9.4462002e-01   7.0598316e-01   1.8001618e-01
   9.4404194e-01   7.0135249e-01   1.7480643e-01
   9.4346300e-01   6.9672200e-01   1.6959700e-01
   9.4288406e-01   6.9209151e-01   1.6438857e-01
   9.4230498e-01   6.8746084e-01   1.5917782e-01
   9.4172604e-01   6.8283035e-01   1.5396939e-01
   9.4113294e-01   6.7817064e-01   1.4881672e-01
   9.4026403e-01   6.7296121e-01   1.4476616e-01
   9.3939591e-01   6.6775145e-01   1.4071357e-01
   9.3852800e-01   6.6254203e-01   1.3666202e-01
   9.3766010e-01   6.5733360e-01   1.3261047e-01
   9.3679197e-01   6.5212284e-01   1.2855788e-01
   9.3592307e-01   6.4691442e-01   1.2450732e-01
   9.3505494e-01   6.4170366e-01   1.2045474e-01
   9.3418704e-01   6.3649523e-01   1.1640318e-01
   9.3331891e-01   6.3128548e-01   1.1235059e-01
   9.3245101e-01   6.2607605e-01   1.0829904e-01
   9.3158210e-01   6.2086763e-01   1.0424849e-01
   9.3071398e-01   6.1565687e-01   1.0019590e-01
   9.2984607e-01   6.1044844e-01   9.6144344e-02
   9.2912297e-01   6.0552772e-01   9.2670826e-02
   9.2854403e-01   6.0089723e-01   8.9777145e-02
   9.2796495e-01   5.9626556e-01   8.6882725e-02
   9.2738601e-01   5.9163607e-01   8.3988043e-02
   9.2680707e-01   5.8700558e-01   8.1094362e-02
   9.2622799e-01   5.8237491e-01   7.8199942e-02
   9.2565005e-01   5.7774442e-01   7.5306260e-02
   9.2507097e-01   5.7311275e-01   7.2411841e-02
   9.2449203e-01   5.6848325e-01   6.9518159e-02
   9.2391295e-01   5.6385158e-01   6.6622740e-02
   9.2333401e-01   5.5922109e-01   6.3729058e-02
   9.2275593e-01   5.5459042e-01   6.0834638e-02
   9.2217699e-01   5.4995993e-01   5.7940957e-02
   9.2159805e-01   5.4533044e-01   5.5047275e-02
   9.2074396e-01   5.4097378e-01   5.3526928e-02
   9.1987605e-01   5.3663326e-01   5.2080087e-02
   9.1900793e-01   5.3229163e-01   5.0632877e-02
   9.1813902e-01   5.2795011e-01   4.9186036e-02
   9.1727090e-01   5.2360848e-01   4.7738826e-02
   9.1640299e-01   5.1926796e-01   4.6291986e-02
   9.1553509e-01   5.1492743e-01   4.4845145e-02
   9.1466596e-01   5.1058580e-01   4.3397935e-02
   9.1379806e-01   5.0624428e-01   4.1951094e-02
   9.1292993e-01   5.0190265e-01   4.0503884e-02
   9.1206103e-01   4.9756213e-01   3.9056043e-02
   9.1119290e-01   4.9322050e-01   3.7608834e-02
   9.1032499e-01   4.8887998e-01   3.6161993e-02
   9.0922512e-01   4.8407550e-01   3.4831140e-02
   9.0777794e-01   4.7857678e-01   3.3672954e-02
   9.0633110e-01   4.7307838e-01   3.2516081e-02
   9.0488389e-01   4.6757859e-01   3.1357913e-02
   9.0343705e-01   4.6208019e-01   3.0200041e-02
   9.0198984e-01   4.5658040e-01   2.9042873e-02
   9.0054300e-01   4.5108200e-01   2.7885000e-02
   8.9909616e-01   4.4558360e-01   2.6727127e-02
   8.9764795e-01   4.4008381e-01   2.5569959e-02
   8.9620111e-01   4.3458541e-01   2.4412087e-02
   8.9475390e-01   4.2908662e-01   2.3254919e-02
   8.9330706e-01   4.2358822e-01   2.2097046e-02
   8.9185985e-01   4.1808842e-01   2.0938879e-02
   8.9041301e-01   4.1259003e-01   1.9782006e-02
   8.8453868e-01   4.0512386e-01   1.8378161e-02
   8.7788080e-01   3.9730877e-01   1.6930957e-02
   8.7122553e-01   3.8949463e-01   1.5484116e-02
   8.6456757e-01   3.8167949e-01   1.4036906e-02
   8.5791230e-01   3.7386635e-01   1.2590065e-02
   8.5125433e-01   3.6605122e-01   1.1142855e-02
   8.4459907e-01   3.5823708e-01   9.6950145e-03
   8.3794280e-01   3.5042394e-01   8.2481736e-03
   8.3128583e-01   3.4260880e-01   6.8009638e-03
   8.2462957e-01   3.3479566e-01   5.3541230e-03
   8.1797260e-01   3.2697953e-01   3.9069132e-03
   8.1131633e-01   3.1916639e-01   2.4600723e-03
   8.0465947e-01   3.1135134e-01   1.0129038e-03
   7.9913208e-01   3.0440610e-01   1.5193329e-08
   7.9623836e-01   2.9948661e-01   0.0000000e+00
   7.9334294e-01   2.9456590e-01   0.0000000e+00
   7.9044926e-01   2.8964644e-01   0.0000000e+00
   7.8755484e-01   2.8472573e-01   0.0000000e+00
   7.8466116e-01   2.7980627e-01   0.0000000e+00
   7.8176674e-01   2.7488556e-01   0.0000000e+00
   7.7887306e-01   2.6996610e-01   0.0000000e+00
   7.7597764e-01   2.6504539e-01   0.0000000e+00
   7.7308396e-01   2.6012593e-01   0.0000000e+00
   7.7019027e-01   2.5520647e-01   0.0000000e+00
   7.6729586e-01   2.5028575e-01   0.0000000e+00
   7.6440217e-01   2.4536630e-01   0.0000000e+00
   7.6150755e-01   2.4044562e-01   5.5328914e-08
   7.5622613e-01   2.3596011e-01   6.5098373e-04
   7.5014727e-01   2.3161848e-01   1.5191043e-03
   7.4406994e-01   2.2727796e-01   2.3880087e-03
   7.3799361e-01   2.2293643e-01   3.2559132e-03
   7.3191473e-01   2.1859480e-01   4.1240391e-03
   7.2583740e-01   2.1425428e-01   4.9929435e-03
   7.1975851e-01   2.0991265e-01   5.8610694e-03
   7.1368218e-01   2.0557113e-01   6.7289740e-03
   7.0760330e-01   2.0122950e-01   7.5970999e-03
   7.0152597e-01   1.9688898e-01   8.4660043e-03
   6.9544964e-01   1.9254846e-01   9.3339089e-03
   6.8937076e-01   1.8820583e-01   1.0202035e-02
   6.8329343e-01   1.8386530e-01   1.1069939e-02
   6.7727257e-01   1.7952367e-01   1.1939065e-02
   6.7148520e-01   1.7518315e-01   1.2806970e-02
   6.6569636e-01   1.7084052e-01   1.3675095e-02
   6.5990900e-01   1.6650000e-01   1.4543000e-02
   6.5412064e-01   1.6215948e-01   1.5410905e-02
   6.4833180e-01   1.5781785e-01   1.6280030e-02
   6.4254443e-01   1.5347733e-01   1.7147935e-02
   6.3675459e-01   1.4913470e-01   1.8016061e-02
   6.3096723e-01   1.4479417e-01   1.8883965e-02
   6.2517839e-01   1.4045254e-01   1.9752091e-02
   6.1939103e-01   1.3611202e-01   2.0620996e-02
   6.1360267e-01   1.3177150e-01   2.1488900e-02
   6.0781383e-01   1.2742987e-01   2.2357026e-02
   6.0202646e-01   1.2308835e-01   2.3224931e-02
   5.9529653e-01   1.1837068e-01   2.3905038e-02
   5.8806233e-01   1.1345122e-01   2.4483974e-02
   5.8082528e-01   1.0853051e-01   2.5063058e-02
   5.7359107e-01   1.0361105e-01   2.5641994e-02
   5.6635687e-01   9.8691590e-02   2.6220931e-02
   5.5911982e-01   9.3770877e-02   2.6800014e-02
   5.5188561e-01   8.8851418e-02   2.7378951e-02
   5.4464957e-01   8.3929705e-02   2.7958035e-02
   5.3741436e-01   7.9010246e-02   2.8535971e-02
   5.3017831e-01   7.4089533e-02   2.9115055e-02
   5.2294411e-01   6.9170074e-02   2.9693991e-02
   5.1570890e-01   6.4250615e-02   3.0272928e-02
   5.0847285e-01   5.9329909e-02   3.0852014e-02
   5.0120965e-01   5.4786409e-02   3.1575935e-02
   4.9368359e-01   5.3628936e-02   3.3601111e-02
   4.8615941e-01   5.2471064e-02   3.5626889e-02
   4.7863332e-01   5.1312896e-02   3.7653182e-02
   4.7110915e-01   5.0156023e-02   3.9678959e-02
   4.6358406e-01   4.8997855e-02   4.1705253e-02
   4.5605989e-01   4.7839983e-02   4.3731030e-02
   4.4853571e-01   4.6683110e-02   4.5756808e-02
   4.4100962e-01   4.5524942e-02   4.7783101e-02
   4.3348545e-01   4.4367069e-02   4.9808878e-02
   4.2596036e-01   4.3209902e-02   5.1835172e-02
   4.1843619e-01   4.2052029e-02   5.3860949e-02
   4.1091010e-01   4.0894861e-02   5.5886243e-02
   4.0338593e-01   3.9736998e-02   5.7912022e-02
   3.9602174e-01   3.9534020e-02   6.0096782e-02
   3.8878467e-01   4.0113026e-02   6.2413104e-02
   3.8155047e-01   4.0691962e-02   6.4727850e-02
   3.7431442e-01   4.1271046e-02   6.7043185e-02
   3.6707922e-01   4.1849983e-02   6.9358931e-02
   3.5984317e-01   4.2428067e-02   7.1674266e-02
   3.5260796e-01   4.3007003e-02   7.3989012e-02
   3.4537376e-01   4.3585939e-02   7.6303757e-02
   3.3813771e-01   4.4165023e-02   7.8620093e-02
   3.3090251e-01   4.4743959e-02   8.0934838e-02
   3.2366646e-01   4.5323043e-02   8.3250174e-02
   3.1643225e-01   4.5900980e-02   8.5564919e-02
   3.0919520e-01   4.6480064e-02   8.7881255e-02
   3.0196100e-01   4.7059000e-02   9.0196000e-02
