   1.0000000e+00   9.9607800e-01   8.9019600e-01
   9.9923106e-01   9.9454016e-01   8.8296800e-01
   9.9846212e-01   9.9300231e-01   8.7574000e-01
   9.9769318e-01   9.9146447e-01   8.6851200e-01
   9.9692424e-01   9.8992663e-01   8.6128400e-01
   9.9615529e-01   9.8838878e-01   8.5405600e-01
   9.9538635e-01   9.8685094e-01   8.4682800e-01
   9.9461741e-01   9.8531310e-01   8.3960000e-01
   9.9384847e-01   9.8377525e-01   8.3237200e-01
   9.9307953e-01   9.8223741e-01   8.2514400e-01
   9.9231059e-01   9.8069957e-01   8.1791600e-01
   9.9154165e-01   9.7916173e-01   8.1068800e-01
   9.9077271e-01   9.7762388e-01   8.0346000e-01
   9.9000376e-01   9.7608604e-01   7.9623200e-01
   9.8923482e-01   9.7454820e-01   7.8900400e-01
   9.8846588e-01   9.7301035e-01   7.8177600e-01
   9.8769694e-01   9.7147251e-01   7.7454800e-01
   9.8692800e-01   9.6993467e-01   7.6732000e-01
   9.8615906e-01   9.6839682e-01   7.6009200e-01
   9.8539012e-01   9.6685898e-01   7.5286400e-01
   9.8462118e-01   9.6532114e-01   7.4563600e-01
   9.8385224e-01   9.6378329e-01   7.3840800e-01
   9.8308329e-01   9.6224545e-01   7.3118000e-01
   9.8231435e-01   9.6070761e-01   7.2395200e-01
   9.8154541e-01   9.5916976e-01   7.1672400e-01
   9.8077647e-01   9.5763192e-01   7.0949600e-01
   9.8000753e-01   9.5609406e-01   7.0372898e-01
   9.7923859e-01   9.5455618e-01   6.9942294e-01
   9.7846965e-01   9.5301829e-01   6.9511690e-01
   9.7770071e-01   9.5148041e-01   6.9081086e-01
   9.7693176e-01   9.4994253e-01   6.8650482e-01
   9.7616282e-01   9.4840465e-01   6.8219878e-01
   9.7539388e-01   9.4686676e-01   6.7789275e-01
   9.7462494e-01   9.4532888e-01   6.7358671e-01
   9.7385600e-01   9.4379100e-01   6.6928067e-01
   9.7308706e-01   9.4225312e-01   6.6497463e-01
   9.7231812e-01   9.4071524e-01   6.6066859e-01
   9.7154918e-01   9.3917735e-01   6.5636255e-01
   9.7078024e-01   9.3763947e-01   6.5205651e-01
   9.7001129e-01   9.3610159e-01   6.4775047e-01
   9.6924235e-01   9.3456371e-01   6.4344443e-01
   9.6847341e-01   9.3302582e-01   6.3913839e-01
   9.6770447e-01   9.3148794e-01   6.3483235e-01
   9.6693553e-01   9.2995006e-01   6.3052631e-01
   9.6616659e-01   9.2841218e-01   6.2622027e-01
   9.6539765e-01   9.2687429e-01   6.2191424e-01
   9.6462871e-01   9.2533641e-01   6.1760820e-01
   9.6385976e-01   9.2379853e-01   6.1330216e-01
   9.6309082e-01   9.2226065e-01   6.0899612e-01
   9.6232188e-01   9.2072276e-01   6.0469008e-01
   9.6155294e-01   9.1918488e-01   6.0038404e-01
   9.6078400e-01   9.1764700e-01   5.9607800e-01
   9.6032267e-01   9.1626292e-01   5.9207957e-01
   9.5986133e-01   9.1487884e-01   5.8808114e-01
   9.5940000e-01   9.1349476e-01   5.8408271e-01
   9.5893867e-01   9.1211069e-01   5.8008427e-01
   9.5847733e-01   9.1072661e-01   5.7608584e-01
   9.5801600e-01   9.0934253e-01   5.7208741e-01
   9.5755467e-01   9.0795845e-01   5.6808898e-01
   9.5709333e-01   9.0657437e-01   5.6409055e-01
   9.5663200e-01   9.0519029e-01   5.6009212e-01
   9.5617067e-01   9.0380622e-01   5.5609369e-01
   9.5570933e-01   9.0242214e-01   5.5209525e-01
   9.5524800e-01   9.0103806e-01   5.4809682e-01
   9.5478667e-01   8.9965398e-01   5.4409839e-01
   9.5432533e-01   8.9826990e-01   5.4009996e-01
   9.5386400e-01   8.9688582e-01   5.3610153e-01
   9.5340267e-01   8.9550175e-01   5.3210310e-01
   9.5294133e-01   8.9411767e-01   5.2810467e-01
   9.5248000e-01   8.9273359e-01   5.2410624e-01
   9.5201867e-01   8.9134951e-01   5.2010780e-01
   9.5155733e-01   8.8996543e-01   5.1610937e-01
   9.5109600e-01   8.8858135e-01   5.1211094e-01
   9.5063467e-01   8.8719727e-01   5.0811251e-01
   9.5017333e-01   8.8581320e-01   5.0411408e-01
   9.4971200e-01   8.8442912e-01   5.0011565e-01
   9.4925067e-01   8.8304504e-01   4.9611722e-01
   9.4863553e-01   8.8143027e-01   4.9242633e-01
   9.4786659e-01   8.7958482e-01   4.8904300e-01
   9.4709765e-01   8.7773937e-01   4.8565967e-01
   9.4632871e-01   8.7589392e-01   4.8227633e-01
   9.4555976e-01   8.7404847e-01   4.7889300e-01
   9.4479082e-01   8.7220302e-01   4.7550967e-01
   9.4402188e-01   8.7035757e-01   4.7212633e-01
   9.4325294e-01   8.6851212e-01   4.6874300e-01
   9.4248400e-01   8.6666667e-01   4.6535967e-01
   9.4171506e-01   8.6482122e-01   4.6197633e-01
   9.4094612e-01   8.6297576e-01   4.5859300e-01
   9.4017718e-01   8.6113031e-01   4.5520967e-01
   9.3940824e-01   8.5928486e-01   4.5182633e-01
   9.3863929e-01   8.5743941e-01   4.4844300e-01
   9.3787035e-01   8.5559396e-01   4.4505967e-01
   9.3710141e-01   8.5374851e-01   4.4167633e-01
   9.3633247e-01   8.5190306e-01   4.3829300e-01
   9.3556353e-01   8.5005761e-01   4.3490967e-01
   9.3479459e-01   8.4821216e-01   4.3152633e-01
   9.3402565e-01   8.4636671e-01   4.2814300e-01
   9.3325671e-01   8.4452125e-01   4.2475967e-01
   9.3248776e-01   8.4267580e-01   4.2137633e-01
   9.3171882e-01   8.4083035e-01   4.1799300e-01
   9.3094988e-01   8.3898490e-01   4.1460967e-01
   9.3018094e-01   8.3713945e-01   4.1122633e-01
   9.2941200e-01   8.3529400e-01   4.0784300e-01
   9.2864306e-01   8.3390992e-01   4.0615135e-01
   9.2787412e-01   8.3252584e-01   4.0445971e-01
   9.2710518e-01   8.3114176e-01   4.0276806e-01
   9.2633624e-01   8.2975769e-01   4.0107641e-01
   9.2556729e-01   8.2837361e-01   3.9938476e-01
   9.2479835e-01   8.2698953e-01   3.9769312e-01
   9.2402941e-01   8.2560545e-01   3.9600147e-01
   9.2326047e-01   8.2422137e-01   3.9430982e-01
   9.2249153e-01   8.2283729e-01   3.9261818e-01
   9.2172259e-01   8.2145322e-01   3.9092653e-01
   9.2095365e-01   8.2006914e-01   3.8923488e-01
   9.2018471e-01   8.1868506e-01   3.8754324e-01
   9.1941576e-01   8.1730098e-01   3.8585159e-01
   9.1864682e-01   8.1591690e-01   3.8415994e-01
   9.1787788e-01   8.1453282e-01   3.8246829e-01
   9.1710894e-01   8.1314875e-01   3.8077665e-01
   9.1634000e-01   8.1176467e-01   3.7908500e-01
   9.1557106e-01   8.1038059e-01   3.7739335e-01
   9.1480212e-01   8.0899651e-01   3.7570171e-01
   9.1403318e-01   8.0761243e-01   3.7401006e-01
   9.1326424e-01   8.0622835e-01   3.7231841e-01
   9.1249529e-01   8.0484427e-01   3.7062676e-01
   9.1172635e-01   8.0346020e-01   3.6893512e-01
   9.1095741e-01   8.0207612e-01   3.6724347e-01
   9.1018847e-01   8.0069204e-01   3.6555182e-01
   9.0941953e-01   7.9923106e-01   3.6401396e-01
   9.0865059e-01   7.9769318e-01   3.6262988e-01
   9.0788165e-01   7.9615529e-01   3.6124580e-01
   9.0711271e-01   7.9461741e-01   3.5986173e-01
   9.0634376e-01   7.9307953e-01   3.5847765e-01
   9.0557482e-01   7.9154165e-01   3.5709357e-01
   9.0480588e-01   7.9000376e-01   3.5570949e-01
   9.0403694e-01   7.8846588e-01   3.5432541e-01
   9.0326800e-01   7.8692800e-01   3.5294133e-01
   9.0249906e-01   7.8539012e-01   3.5155725e-01
   9.0173012e-01   7.8385224e-01   3.5017318e-01
   9.0096118e-01   7.8231435e-01   3.4878910e-01
   9.0019224e-01   7.8077647e-01   3.4740502e-01
   8.9942329e-01   7.7923859e-01   3.4602094e-01
   8.9865435e-01   7.7770071e-01   3.4463686e-01
   8.9788541e-01   7.7616282e-01   3.4325278e-01
   8.9711647e-01   7.7462494e-01   3.4186871e-01
   8.9634753e-01   7.7308706e-01   3.4048463e-01
   8.9557859e-01   7.7154918e-01   3.3910055e-01
   8.9480965e-01   7.7001129e-01   3.3771647e-01
   8.9404071e-01   7.6847341e-01   3.3633239e-01
   8.9327176e-01   7.6693553e-01   3.3494831e-01
   8.9250282e-01   7.6539765e-01   3.3356424e-01
   8.9173388e-01   7.6385976e-01   3.3218016e-01
   8.9096494e-01   7.6232188e-01   3.3079608e-01
   8.9019600e-01   7.6078400e-01   3.2941200e-01
   8.8942706e-01   7.5909235e-01   3.2802792e-01
   8.8865812e-01   7.5740071e-01   3.2664384e-01
   8.8788918e-01   7.5570906e-01   3.2525976e-01
   8.8712024e-01   7.5401741e-01   3.2387569e-01
   8.8635129e-01   7.5232576e-01   3.2249161e-01
   8.8558235e-01   7.5063412e-01   3.2110753e-01
   8.8481341e-01   7.4894247e-01   3.1972345e-01
   8.8404447e-01   7.4725082e-01   3.1833937e-01
   8.8327553e-01   7.4555918e-01   3.1695529e-01
   8.8250659e-01   7.4386753e-01   3.1557122e-01
   8.8173765e-01   7.4217588e-01   3.1418714e-01
   8.8096871e-01   7.4048424e-01   3.1280306e-01
   8.8019976e-01   7.3879259e-01   3.1141898e-01
   8.7943082e-01   7.3710094e-01   3.1003490e-01
   8.7866188e-01   7.3540929e-01   3.0865082e-01
   8.7789294e-01   7.3371765e-01   3.0726675e-01
   8.7712400e-01   7.3202600e-01   3.0588267e-01
   8.7635506e-01   7.3033435e-01   3.0449859e-01
   8.7558612e-01   7.2864271e-01   3.0311451e-01
   8.7481718e-01   7.2695106e-01   3.0173043e-01
   8.7404824e-01   7.2525941e-01   3.0034635e-01
   8.7327929e-01   7.2356776e-01   2.9896227e-01
   8.7251035e-01   7.2187612e-01   2.9757820e-01
   8.7174141e-01   7.2018447e-01   2.9619412e-01
   8.7097247e-01   7.1849282e-01   2.9481004e-01
   8.7035733e-01   7.1703186e-01   2.9373353e-01
   8.6989600e-01   7.1580159e-01   2.9296459e-01
   8.6943467e-01   7.1457131e-01   2.9219565e-01
   8.6897333e-01   7.1334104e-01   2.9142671e-01
   8.6851200e-01   7.1211076e-01   2.9065776e-01
   8.6805067e-01   7.1088049e-01   2.8988882e-01
   8.6758933e-01   7.0965022e-01   2.8911988e-01
   8.6712800e-01   7.0841994e-01   2.8835094e-01
   8.6666667e-01   7.0718967e-01   2.8758200e-01
   8.6620533e-01   7.0595939e-01   2.8681306e-01
   8.6574400e-01   7.0472912e-01   2.8604412e-01
   8.6528267e-01   7.0349884e-01   2.8527518e-01
   8.6482133e-01   7.0226857e-01   2.8450624e-01
   8.6436000e-01   7.0103829e-01   2.8373729e-01
   8.6389867e-01   6.9980802e-01   2.8296835e-01
   8.6343733e-01   6.9857775e-01   2.8219941e-01
   8.6297600e-01   6.9734747e-01   2.8143047e-01
   8.6251467e-01   6.9611720e-01   2.8066153e-01
   8.6205333e-01   6.9488692e-01   2.7989259e-01
   8.6159200e-01   6.9365665e-01   2.7912365e-01
   8.6113067e-01   6.9242637e-01   2.7835471e-01
   8.6066933e-01   6.9119610e-01   2.7758576e-01
   8.6020800e-01   6.8996582e-01   2.7681682e-01
   8.5974667e-01   6.8873555e-01   2.7604788e-01
   8.5928533e-01   6.8750527e-01   2.7527894e-01
   8.5882400e-01   6.8627500e-01   2.7451000e-01
   8.5851639e-01   6.8489088e-01   2.7374106e-01
   8.5820878e-01   6.8350676e-01   2.7297212e-01
   8.5790118e-01   6.8212265e-01   2.7220318e-01
   8.5759357e-01   6.8073853e-01   2.7143424e-01
   8.5728596e-01   6.7935441e-01   2.7066529e-01
   8.5697835e-01   6.7797029e-01   2.6989635e-01
   8.5667075e-01   6.7658618e-01   2.6912741e-01
   8.5636314e-01   6.7520206e-01   2.6835847e-01
   8.5605553e-01   6.7381794e-01   2.6758953e-01
   8.5574792e-01   6.7243382e-01   2.6682059e-01
   8.5544031e-01   6.7104971e-01   2.6605165e-01
   8.5513271e-01   6.6966559e-01   2.6528271e-01
   8.5482510e-01   6.6828147e-01   2.6451376e-01
   8.5451749e-01   6.6689735e-01   2.6374482e-01
   8.5420988e-01   6.6551324e-01   2.6297588e-01
   8.5390227e-01   6.6412912e-01   2.6220694e-01
   8.5359467e-01   6.6274500e-01   2.6143800e-01
   8.5328706e-01   6.6136088e-01   2.6066906e-01
   8.5297945e-01   6.5997676e-01   2.5990012e-01
   8.5267184e-01   6.5859265e-01   2.5913118e-01
   8.5236424e-01   6.5720853e-01   2.5836224e-01
   8.5205663e-01   6.5582441e-01   2.5759329e-01
   8.5174902e-01   6.5444029e-01   2.5682435e-01
   8.5144141e-01   6.5305618e-01   2.5605541e-01
   8.5113380e-01   6.5167206e-01   2.5528647e-01
   8.5059556e-01   6.4995477e-01   2.5426122e-01
   8.4982667e-01   6.4790431e-01   2.5297965e-01
   8.4905778e-01   6.4585386e-01   2.5169808e-01
   8.4828889e-01   6.4380340e-01   2.5041651e-01
   8.4752000e-01   6.4175294e-01   2.4913494e-01
   8.4675111e-01   6.3970248e-01   2.4785337e-01
   8.4598222e-01   6.3765203e-01   2.4657180e-01
   8.4521333e-01   6.3560157e-01   2.4529024e-01
   8.4444444e-01   6.3355111e-01   2.4400867e-01
   8.4367556e-01   6.3150065e-01   2.4272710e-01
   8.4290667e-01   6.2945020e-01   2.4144553e-01
   8.4213778e-01   6.2739974e-01   2.4016396e-01
   8.4136889e-01   6.2534928e-01   2.3888239e-01
   8.4060000e-01   6.2329882e-01   2.3760082e-01
   8.3983111e-01   6.2124837e-01   2.3631925e-01
   8.3906222e-01   6.1899284e-01   2.3506331e-01
   8.3829329e-01   6.1591706e-01   2.3390988e-01
   8.3752437e-01   6.1284127e-01   2.3275645e-01
   8.3675545e-01   6.0976549e-01   2.3160302e-01
   8.3598653e-01   6.0668971e-01   2.3044959e-01
   8.3521761e-01   6.0361392e-01   2.2929616e-01
   8.3444869e-01   6.0053814e-01   2.2814273e-01
   8.3367976e-01   5.9746235e-01   2.2698929e-01
   8.3291084e-01   5.9438657e-01   2.2583586e-01
   8.3214192e-01   5.9131078e-01   2.2468243e-01
   8.3137300e-01   5.8823500e-01   2.2352900e-01
