   9.8823500e-01   9.8823500e-01   8.7058800e-01
   9.8669712e-01   9.8638959e-01   8.6166839e-01
   9.8515924e-01   9.8454418e-01   8.5274878e-01
   9.8362135e-01   9.8269876e-01   8.4382918e-01
   9.8208347e-01   9.8085335e-01   8.3490957e-01
   9.8054559e-01   9.7900794e-01   8.2598996e-01
   9.7900771e-01   9.7716253e-01   8.1707035e-01
   9.7746982e-01   9.7531712e-01   8.0815075e-01
   9.7593194e-01   9.7347171e-01   7.9923114e-01
   9.7439406e-01   9.7162629e-01   7.9031153e-01
   9.7285618e-01   9.6978088e-01   7.8139192e-01
   9.7131829e-01   9.6793547e-01   7.7247231e-01
   9.6978041e-01   9.6609006e-01   7.6355271e-01
   9.6824255e-01   9.6401396e-01   7.5509445e-01
   9.6670475e-01   9.6124580e-01   7.4802025e-01
   9.6516694e-01   9.5847765e-01   7.4094606e-01
   9.6362914e-01   9.5570949e-01   7.3387186e-01
   9.6209133e-01   9.5294133e-01   7.2679767e-01
   9.6055353e-01   9.5017318e-01   7.1972347e-01
   9.5901573e-01   9.4740502e-01   7.1264927e-01
   9.5747792e-01   9.4463686e-01   7.0557508e-01
   9.5594012e-01   9.4186871e-01   6.9850088e-01
   9.5440231e-01   9.3910055e-01   6.9142669e-01
   9.5286451e-01   9.3633239e-01   6.8435249e-01
   9.5132671e-01   9.3356424e-01   6.7727829e-01
   9.4978890e-01   9.3079608e-01   6.7020410e-01
   9.4863553e-01   9.2871996e-01   6.6451398e-01
   9.4786659e-01   9.2733588e-01   6.6020794e-01
   9.4709765e-01   9.2595180e-01   6.5590190e-01
   9.4632871e-01   9.2456773e-01   6.5159586e-01
   9.4555976e-01   9.2318365e-01   6.4728982e-01
   9.4479082e-01   9.2179957e-01   6.4298378e-01
   9.4402188e-01   9.2041549e-01   6.3867775e-01
   9.4325294e-01   9.1903141e-01   6.3437171e-01
   9.4248400e-01   9.1764733e-01   6.3006567e-01
   9.4171506e-01   9.1626325e-01   6.2575963e-01
   9.4094612e-01   9.1487918e-01   6.2145359e-01
   9.4017718e-01   9.1349510e-01   6.1714755e-01
   9.3940824e-01   9.1211102e-01   6.1284151e-01
   9.3863929e-01   9.1072694e-01   6.0853547e-01
   9.3787035e-01   9.0934286e-01   6.0422943e-01
   9.3710141e-01   9.0795878e-01   5.9992339e-01
   9.3633247e-01   9.0657471e-01   5.9561735e-01
   9.3556353e-01   9.0519063e-01   5.9131131e-01
   9.3479459e-01   9.0380655e-01   5.8700527e-01
   9.3402565e-01   9.0242247e-01   5.8269924e-01
   9.3325671e-01   9.0103839e-01   5.7839320e-01
   9.3248776e-01   8.9965431e-01   5.7408716e-01
   9.3171882e-01   8.9827024e-01   5.6978112e-01
   9.3094988e-01   8.9688616e-01   5.6547508e-01
   9.3018094e-01   8.9550208e-01   5.6116904e-01
   9.2941200e-01   8.9411800e-01   5.5686300e-01
   9.2633624e-01   8.9042710e-01   5.5332590e-01
   9.2326047e-01   8.8673620e-01   5.4978880e-01
   9.2018471e-01   8.8304529e-01   5.4625171e-01
   9.1710894e-01   8.7935439e-01   5.4271461e-01
   9.1403318e-01   8.7566349e-01   5.3917751e-01
   9.1095741e-01   8.7197259e-01   5.3564041e-01
   9.0788165e-01   8.6828169e-01   5.3210331e-01
   9.0480588e-01   8.6459078e-01   5.2856622e-01
   9.0173012e-01   8.6089988e-01   5.2502912e-01
   8.9865435e-01   8.5720898e-01   5.2149202e-01
   8.9557859e-01   8.5351808e-01   5.1795492e-01
   8.9250282e-01   8.4982718e-01   5.1441782e-01
   8.8942706e-01   8.4613627e-01   5.1088073e-01
   8.8635129e-01   8.4244537e-01   5.0734363e-01
   8.8327553e-01   8.3875447e-01   5.0380653e-01
   8.8019976e-01   8.3506357e-01   5.0026943e-01
   8.7712400e-01   8.3137267e-01   4.9673233e-01
   8.7404824e-01   8.2768176e-01   4.9319524e-01
   8.7097247e-01   8.2399086e-01   4.8965814e-01
   8.6789671e-01   8.2029996e-01   4.8612104e-01
   8.6482094e-01   8.1660906e-01   4.8258394e-01
   8.6174518e-01   8.1291816e-01   4.7904684e-01
   8.5866941e-01   8.0922725e-01   4.7550975e-01
   8.5559365e-01   8.0553635e-01   4.7197265e-01
   8.5251788e-01   8.0184545e-01   4.6843555e-01
   8.4959592e-01   7.9830833e-01   4.6512912e-01
   8.4682776e-01   7.9492500e-01   4.6205335e-01
   8.4405961e-01   7.9154167e-01   4.5897759e-01
   8.4129145e-01   7.8815833e-01   4.5590182e-01
   8.3852329e-01   7.8477500e-01   4.5282606e-01
   8.3575514e-01   7.8139167e-01   4.4975029e-01
   8.3298698e-01   7.7800833e-01   4.4667453e-01
   8.3021882e-01   7.7462500e-01   4.4359876e-01
   8.2745067e-01   7.7124167e-01   4.4052300e-01
   8.2468251e-01   7.6785833e-01   4.3744724e-01
   8.2191435e-01   7.6447500e-01   4.3437147e-01
   8.1914620e-01   7.6109167e-01   4.3129571e-01
   8.1637804e-01   7.5770833e-01   4.2821994e-01
   8.1360988e-01   7.5432500e-01   4.2514418e-01
   8.1084173e-01   7.5094167e-01   4.2206841e-01
   8.0807357e-01   7.4755833e-01   4.1899265e-01
   8.0530541e-01   7.4417500e-01   4.1591688e-01
   8.0253725e-01   7.4079167e-01   4.1284112e-01
   7.9976910e-01   7.3740833e-01   4.0976535e-01
   7.9700094e-01   7.3402500e-01   4.0668959e-01
   7.9423278e-01   7.3064167e-01   4.0361382e-01
   7.9146463e-01   7.2725833e-01   4.0053806e-01
   7.8869647e-01   7.2387500e-01   3.9746229e-01
   7.8592831e-01   7.2049167e-01   3.9438653e-01
   7.8316016e-01   7.1710833e-01   3.9131076e-01
   7.8039200e-01   7.1372500e-01   3.8823500e-01
   7.7731627e-01   7.1064927e-01   3.8777367e-01
   7.7424055e-01   7.0757355e-01   3.8731233e-01
   7.7116482e-01   7.0449782e-01   3.8685100e-01
   7.6808910e-01   7.0142210e-01   3.8638967e-01
   7.6501337e-01   6.9834637e-01   3.8592833e-01
   7.6193765e-01   6.9527065e-01   3.8546700e-01
   7.5886192e-01   6.9219492e-01   3.8500567e-01
   7.5578620e-01   6.8911920e-01   3.8454433e-01
   7.5271047e-01   6.8604347e-01   3.8408300e-01
   7.4963475e-01   6.8296775e-01   3.8362167e-01
   7.4655902e-01   6.7989202e-01   3.8316033e-01
   7.4348329e-01   6.7681629e-01   3.8269900e-01
   7.4040757e-01   6.7374057e-01   3.8223767e-01
   7.3733184e-01   6.7066484e-01   3.8177633e-01
   7.3425612e-01   6.6758912e-01   3.8131500e-01
   7.3118039e-01   6.6451339e-01   3.8085367e-01
   7.2810467e-01   6.6143767e-01   3.8039233e-01
   7.2502894e-01   6.5836194e-01   3.7993100e-01
   7.2195322e-01   6.5528622e-01   3.7946967e-01
   7.1887749e-01   6.5221049e-01   3.7900833e-01
   7.1580176e-01   6.4913476e-01   3.7854700e-01
   7.1272604e-01   6.4605904e-01   3.7808567e-01
   7.0965031e-01   6.4298331e-01   3.7762433e-01
   7.0657459e-01   6.3990759e-01   3.7716300e-01
   7.0349886e-01   6.3683186e-01   3.7670167e-01
   7.0096137e-01   6.3429439e-01   3.7670167e-01
   6.9896212e-01   6.3229518e-01   3.7716300e-01
   6.9696286e-01   6.3029596e-01   3.7762433e-01
   6.9496361e-01   6.2829675e-01   3.7808567e-01
   6.9296435e-01   6.2629753e-01   3.7854700e-01
   6.9096510e-01   6.2429831e-01   3.7900833e-01
   6.8896584e-01   6.2229910e-01   3.7946967e-01
   6.8696659e-01   6.2029988e-01   3.7993100e-01
   6.8496733e-01   6.1830067e-01   3.8039233e-01
   6.8296808e-01   6.1630145e-01   3.8085367e-01
   6.8096882e-01   6.1430224e-01   3.8131500e-01
   6.7896957e-01   6.1230302e-01   3.8177633e-01
   6.7697031e-01   6.1030380e-01   3.8223767e-01
   6.7497106e-01   6.0830459e-01   3.8269900e-01
   6.7297180e-01   6.0630537e-01   3.8316033e-01
   6.7097255e-01   6.0430616e-01   3.8362167e-01
   6.6897329e-01   6.0230694e-01   3.8408300e-01
   6.6697404e-01   6.0030773e-01   3.8454433e-01
   6.6497478e-01   5.9830851e-01   3.8500567e-01
   6.6297553e-01   5.9630929e-01   3.8546700e-01
   6.6097627e-01   5.9431008e-01   3.8592833e-01
   6.5897702e-01   5.9231086e-01   3.8638967e-01
   6.5697776e-01   5.9031165e-01   3.8685100e-01
   6.5497851e-01   5.8831243e-01   3.8731233e-01
   6.5297925e-01   5.8631322e-01   3.8777367e-01
   6.5098000e-01   5.8431400e-01   3.8823500e-01
   6.4851941e-01   5.8216098e-01   3.8808124e-01
   6.4605882e-01   5.8000796e-01   3.8792747e-01
   6.4359824e-01   5.7785494e-01   3.8777371e-01
   6.4113765e-01   5.7570192e-01   3.8761994e-01
   6.3867706e-01   5.7354890e-01   3.8746618e-01
   6.3621647e-01   5.7139588e-01   3.8731241e-01
   6.3375588e-01   5.6924286e-01   3.8715865e-01
   6.3129529e-01   5.6708984e-01   3.8700488e-01
   6.2883471e-01   5.6493682e-01   3.8685112e-01
   6.2637412e-01   5.6278380e-01   3.8669735e-01
   6.2391353e-01   5.6063078e-01   3.8654359e-01
   6.2145294e-01   5.5847776e-01   3.8638982e-01
   6.1899235e-01   5.5632475e-01   3.8623606e-01
   6.1653176e-01   5.5417173e-01   3.8608229e-01
   6.1407118e-01   5.5201871e-01   3.8592853e-01
   6.1161059e-01   5.4986569e-01   3.8577476e-01
   6.0915000e-01   5.4771267e-01   3.8562100e-01
   6.0668941e-01   5.4555965e-01   3.8546724e-01
   6.0422882e-01   5.4340663e-01   3.8531347e-01
   6.0176824e-01   5.4125361e-01   3.8515971e-01
   5.9930765e-01   5.3910059e-01   3.8500594e-01
   5.9684706e-01   5.3694757e-01   3.8485218e-01
   5.9438647e-01   5.3479455e-01   3.8469841e-01
   5.9192588e-01   5.3264153e-01   3.8454465e-01
   5.8946529e-01   5.3048851e-01   3.8439088e-01
   5.8654335e-01   5.2772033e-01   3.8362196e-01
   5.8316006e-01   5.2433700e-01   3.8223788e-01
   5.7977676e-01   5.2095367e-01   3.8085380e-01
   5.7639347e-01   5.1757033e-01   3.7946973e-01
   5.7301018e-01   5.1418700e-01   3.7808565e-01
   5.6962688e-01   5.1080367e-01   3.7670157e-01
   5.6624359e-01   5.0742033e-01   3.7531749e-01
   5.6286029e-01   5.0403700e-01   3.7393341e-01
   5.5947700e-01   5.0065367e-01   3.7254933e-01
   5.5609371e-01   4.9727033e-01   3.7116525e-01
   5.5271041e-01   4.9388700e-01   3.6978118e-01
   5.4932712e-01   4.9050367e-01   3.6839710e-01
   5.4594382e-01   4.8712033e-01   3.6701302e-01
   5.4256053e-01   4.8373700e-01   3.6562894e-01
   5.3917724e-01   4.8035367e-01   3.6424486e-01
   5.3579394e-01   4.7697033e-01   3.6286078e-01
   5.3241065e-01   4.7358700e-01   3.6147671e-01
   5.2902735e-01   4.7020367e-01   3.6009263e-01
   5.2564406e-01   4.6682033e-01   3.5870855e-01
   5.2226076e-01   4.6343700e-01   3.5732447e-01
   5.1887747e-01   4.6005367e-01   3.5594039e-01
   5.1549418e-01   4.5667033e-01   3.5455631e-01
   5.1211088e-01   4.5328700e-01   3.5317224e-01
   5.0872759e-01   4.4990367e-01   3.5178816e-01
   5.0534429e-01   4.4652033e-01   3.5040408e-01
   5.0196100e-01   4.4313700e-01   3.4902000e-01
   4.9796253e-01   4.3959990e-01   3.4717455e-01
   4.9396406e-01   4.3606280e-01   3.4532910e-01
   4.8996559e-01   4.3252571e-01   3.4348365e-01
   4.8596712e-01   4.2898861e-01   3.4163820e-01
   4.8196865e-01   4.2545151e-01   3.3979275e-01
   4.7797018e-01   4.2191441e-01   3.3794729e-01
   4.7397171e-01   4.1837731e-01   3.3610184e-01
   4.6997324e-01   4.1484022e-01   3.3425639e-01
   4.6597476e-01   4.1130312e-01   3.3241094e-01
   4.6197629e-01   4.0776602e-01   3.3056549e-01
   4.5797782e-01   4.0422892e-01   3.2872004e-01
   4.5397935e-01   4.0069182e-01   3.2687459e-01
   4.4998088e-01   3.9715473e-01   3.2502914e-01
   4.4598241e-01   3.9361763e-01   3.2318369e-01
   4.4198394e-01   3.9008053e-01   3.2133824e-01
   4.3798547e-01   3.8654343e-01   3.1949278e-01
   4.3398700e-01   3.8300633e-01   3.1764733e-01
   4.2998853e-01   3.7946924e-01   3.1580188e-01
   4.2599006e-01   3.7593214e-01   3.1395643e-01
   4.2199159e-01   3.7239504e-01   3.1211098e-01
   4.1799312e-01   3.6885794e-01   3.1026553e-01
   4.1399465e-01   3.6532084e-01   3.0842008e-01
   4.0999618e-01   3.6178375e-01   3.0657463e-01
   4.0599771e-01   3.5824665e-01   3.0472918e-01
   4.0199924e-01   3.5470955e-01   3.0288373e-01
   3.9807767e-01   3.5124935e-01   3.0073071e-01
   3.9423300e-01   3.4786606e-01   2.9827012e-01
   3.9038833e-01   3.4448276e-01   2.9580953e-01
   3.8654367e-01   3.4109947e-01   2.9334894e-01
   3.8269900e-01   3.3771618e-01   2.9088835e-01
   3.7885433e-01   3.3433288e-01   2.8842776e-01
   3.7500967e-01   3.3094959e-01   2.8596718e-01
   3.7116500e-01   3.2756629e-01   2.8350659e-01
   3.6732033e-01   3.2418300e-01   2.8104600e-01
   3.6347567e-01   3.2079971e-01   2.7858541e-01
   3.5963100e-01   3.1741641e-01   2.7612482e-01
   3.5578633e-01   3.1403312e-01   2.7366424e-01
   3.5194167e-01   3.1064982e-01   2.7120365e-01
   3.4809700e-01   3.0726653e-01   2.6874306e-01
   3.4425233e-01   3.0388324e-01   2.6628247e-01
   3.4040767e-01   3.0049994e-01   2.6382188e-01
   3.3656300e-01   2.9711665e-01   2.6136129e-01
   3.3271833e-01   2.9373335e-01   2.5890071e-01
   3.2887367e-01   2.9035006e-01   2.5644012e-01
   3.2502900e-01   2.8696676e-01   2.5397953e-01
   3.2118433e-01   2.8358347e-01   2.5151894e-01
   3.1733967e-01   2.8020018e-01   2.4905835e-01
   3.1349500e-01   2.7681688e-01   2.4659776e-01
   3.0965033e-01   2.7343359e-01   2.4413718e-01
   3.0580567e-01   2.7005029e-01   2.4167659e-01
   3.0196100e-01   2.6666700e-01   2.3921600e-01
