   1.0000000e+00   1.0000000e+00   9.8823500e-01
   9.9937205e-01   9.9952902e-01   9.8242634e-01
   9.9809051e-01   9.9856782e-01   9.7057193e-01
   9.9680898e-01   9.9760663e-01   9.5871751e-01
   9.9552744e-01   9.9664544e-01   9.4686310e-01
   9.9424590e-01   9.9568424e-01   9.3500869e-01
   9.9296437e-01   9.9472305e-01   9.2315428e-01
   9.9168283e-01   9.9376186e-01   9.1129987e-01
   9.9040130e-01   9.9280067e-01   8.9944546e-01
   9.8911976e-01   9.9183947e-01   8.8759104e-01
   9.8783822e-01   9.9087828e-01   8.7573663e-01
   9.8655669e-01   9.8991709e-01   8.6388222e-01
   9.8527515e-01   9.8895589e-01   8.5202781e-01
   9.8439088e-01   9.8823500e-01   8.4113776e-01
   9.8469841e-01   9.8823500e-01   8.3314082e-01
   9.8500594e-01   9.8823500e-01   8.2514388e-01
   9.8531347e-01   9.8823500e-01   8.1714694e-01
   9.8562100e-01   9.8823500e-01   8.0915000e-01
   9.8592853e-01   9.8823500e-01   8.0115306e-01
   9.8623606e-01   9.8823500e-01   7.9315612e-01
   9.8654359e-01   9.8823500e-01   7.8515918e-01
   9.8685112e-01   9.8823500e-01   7.7716224e-01
   9.8715865e-01   9.8823500e-01   7.6916529e-01
   9.8746618e-01   9.8823500e-01   7.6116835e-01
   9.8777371e-01   9.8823500e-01   7.5317141e-01
   9.8808124e-01   9.8823500e-01   7.4517447e-01
   9.8792743e-01   9.8746606e-01   7.3779271e-01
   9.8731229e-01   9.8592818e-01   7.3102612e-01
   9.8669716e-01   9.8439029e-01   7.2425953e-01
   9.8608202e-01   9.8285241e-01   7.1749294e-01
   9.8546688e-01   9.8131453e-01   7.1072635e-01
   9.8485175e-01   9.7977665e-01   7.0395976e-01
   9.8423661e-01   9.7823876e-01   6.9719318e-01
   9.8362147e-01   9.7670088e-01   6.9042659e-01
   9.8300633e-01   9.7516300e-01   6.8366000e-01
   9.8239120e-01   9.7362512e-01   6.7689341e-01
   9.8177606e-01   9.7208724e-01   6.7012682e-01
   9.8116092e-01   9.7054935e-01   6.6336024e-01
   9.8054578e-01   9.6901147e-01   6.5659365e-01
   9.8039200e-01   9.6724294e-01   6.5028841e-01
   9.8039200e-01   9.6539753e-01   6.4413696e-01
   9.8039200e-01   9.6355212e-01   6.3798551e-01
   9.8039200e-01   9.6170671e-01   6.3183406e-01
   9.8039200e-01   9.5986129e-01   6.2568261e-01
   9.8039200e-01   9.5801588e-01   6.1953116e-01
   9.8039200e-01   9.5617047e-01   6.1337971e-01
   9.8039200e-01   9.5432506e-01   6.0722825e-01
   9.8039200e-01   9.5247965e-01   6.0107680e-01
   9.8039200e-01   9.5063424e-01   5.9492535e-01
   9.8039200e-01   9.4878882e-01   5.8877390e-01
   9.8039200e-01   9.4694341e-01   5.8262245e-01
   9.8039200e-01   9.4509800e-01   5.7647100e-01
   9.7946925e-01   9.4202224e-01   5.6939680e-01
   9.7854651e-01   9.3894647e-01   5.6232261e-01
   9.7762376e-01   9.3587071e-01   5.5524841e-01
   9.7670102e-01   9.3279494e-01   5.4817422e-01
   9.7577827e-01   9.2971918e-01   5.4110002e-01
   9.7485553e-01   9.2664341e-01   5.3402582e-01
   9.7393278e-01   9.2356765e-01   5.2695163e-01
   9.7301004e-01   9.2049188e-01   5.1987743e-01
   9.7208729e-01   9.1741612e-01   5.1280324e-01
   9.7116455e-01   9.1434035e-01   5.0572904e-01
   9.7024180e-01   9.1126459e-01   4.9865484e-01
   9.6931906e-01   9.0818882e-01   4.9158065e-01
   9.6862700e-01   9.0503618e-01   4.8435265e-01
   9.6862700e-01   9.0165288e-01   4.7666324e-01
   9.6862700e-01   8.9826959e-01   4.6897382e-01
   9.6862700e-01   8.9488629e-01   4.6128441e-01
   9.6862700e-01   8.9150300e-01   4.5359500e-01
   9.6862700e-01   8.8811971e-01   4.4590559e-01
   9.6862700e-01   8.8473641e-01   4.3821618e-01
   9.6862700e-01   8.8135312e-01   4.3052676e-01
   9.6862700e-01   8.7796982e-01   4.2283735e-01
   9.6862700e-01   8.7458653e-01   4.1514794e-01
   9.6862700e-01   8.7120324e-01   4.0745853e-01
   9.6862700e-01   8.6781994e-01   3.9976912e-01
   9.6862700e-01   8.6443665e-01   3.9207971e-01
   9.6831943e-01   8.6043822e-01   3.8423657e-01
   9.6770429e-01   8.5582465e-01   3.7623971e-01
   9.6708916e-01   8.5121108e-01   3.6824284e-01
   9.6647402e-01   8.4659751e-01   3.6024598e-01
   9.6585888e-01   8.4198394e-01   3.5224912e-01
   9.6524375e-01   8.3737037e-01   3.4425225e-01
   9.6462861e-01   8.3275680e-01   3.3625539e-01
   9.6401347e-01   8.2814324e-01   3.2825853e-01
   9.6339833e-01   8.2352967e-01   3.2026167e-01
   9.6278320e-01   8.1891610e-01   3.1226480e-01
   9.6216806e-01   8.1430253e-01   3.0426794e-01
   9.6155292e-01   8.0968896e-01   2.9627108e-01
   9.6093778e-01   8.0507539e-01   2.8827422e-01
   9.6009200e-01   8.0023106e-01   2.8235341e-01
   9.5916933e-01   7.9530980e-01   2.7712463e-01
   9.5824667e-01   7.9038855e-01   2.7189584e-01
   9.5732400e-01   7.8546729e-01   2.6666706e-01
   9.5640133e-01   7.8054604e-01   2.6143827e-01
   9.5547867e-01   7.7562478e-01   2.5620949e-01
   9.5455600e-01   7.7070353e-01   2.5098071e-01
   9.5363333e-01   7.6578227e-01   2.4575192e-01
   9.5271067e-01   7.6086102e-01   2.4052314e-01
   9.5178800e-01   7.5593976e-01   2.3529435e-01
   9.5086533e-01   7.5101851e-01   2.3006557e-01
   9.4994267e-01   7.4609725e-01   2.2483678e-01
   9.4902000e-01   7.4117600e-01   2.1960800e-01
   9.4840478e-01   7.3625482e-01   2.1407169e-01
   9.4778957e-01   7.3133365e-01   2.0853537e-01
   9.4717435e-01   7.2641247e-01   2.0299906e-01
   9.4655914e-01   7.2149129e-01   1.9746275e-01
   9.4594392e-01   7.1657012e-01   1.9192643e-01
   9.4532871e-01   7.1164894e-01   1.8639012e-01
   9.4471349e-01   7.0672776e-01   1.8085380e-01
   9.4409827e-01   7.0180659e-01   1.7531749e-01
   9.4348306e-01   6.9688541e-01   1.6978118e-01
   9.4286784e-01   6.9196424e-01   1.6424486e-01
   9.4225263e-01   6.8704306e-01   1.5870855e-01
   9.4163741e-01   6.8212188e-01   1.5317224e-01
   9.4094533e-01   6.7704692e-01   1.4794349e-01
   9.4002267e-01   6.7151061e-01   1.4363745e-01
   9.3910000e-01   6.6597429e-01   1.3933141e-01
   9.3817733e-01   6.6043798e-01   1.3502537e-01
   9.3725467e-01   6.5490167e-01   1.3071933e-01
   9.3633200e-01   6.4936535e-01   1.2641329e-01
   9.3540933e-01   6.4382904e-01   1.2210725e-01
   9.3448667e-01   6.3829273e-01   1.1780122e-01
   9.3356400e-01   6.3275641e-01   1.1349518e-01
   9.3264133e-01   6.2722010e-01   1.0918914e-01
   9.3171867e-01   6.2168378e-01   1.0488310e-01
   9.3079600e-01   6.1614747e-01   1.0057706e-01
   9.2987333e-01   6.1061116e-01   9.6271020e-02
   9.2910443e-01   6.0538241e-01   9.2580118e-02
   9.2848929e-01   6.0046124e-01   8.9504353e-02
   9.2787416e-01   5.9554006e-01   8.6428588e-02
   9.2725902e-01   5.9061888e-01   8.3352824e-02
   9.2664388e-01   5.8569771e-01   8.0277059e-02
   9.2602875e-01   5.8077653e-01   7.7201294e-02
   9.2541361e-01   5.7585535e-01   7.4125529e-02
   9.2479847e-01   5.7093418e-01   7.1049765e-02
   9.2418333e-01   5.6601300e-01   6.7974000e-02
   9.2356820e-01   5.6109182e-01   6.4898235e-02
   9.2295306e-01   5.5617065e-01   6.1822471e-02
   9.2233792e-01   5.5124947e-01   5.8746706e-02
   9.2172278e-01   5.4632829e-01   5.5670941e-02
   9.2087694e-01   5.4163782e-01   5.3748588e-02
   9.1995420e-01   5.3702425e-01   5.2210706e-02
   9.1903145e-01   5.3241069e-01   5.0672824e-02
   9.1810871e-01   5.2779712e-01   4.9134941e-02
   9.1718596e-01   5.2318355e-01   4.7597059e-02
   9.1626322e-01   5.1856998e-01   4.6059176e-02
   9.1534047e-01   5.1395641e-01   4.4521294e-02
   9.1441773e-01   5.0934284e-01   4.2983412e-02
   9.1349498e-01   5.0472927e-01   4.1445529e-02
   9.1257224e-01   5.0011571e-01   3.9907647e-02
   9.1164949e-01   4.9550214e-01   3.8369765e-02
   9.1072675e-01   4.9088857e-01   3.6831882e-02
   9.0980400e-01   4.8627500e-01   3.5294000e-02
   9.0826612e-01   4.8043108e-01   3.4063725e-02
   9.0672824e-01   4.7458716e-01   3.2833451e-02
   9.0519035e-01   4.6874324e-01   3.1603176e-02
   9.0365247e-01   4.6289931e-01   3.0372902e-02
   9.0211459e-01   4.5705539e-01   2.9142627e-02
   9.0057671e-01   4.5121147e-01   2.7912353e-02
   8.9903882e-01   4.4536755e-01   2.6682078e-02
   8.9750094e-01   4.3952363e-01   2.5451804e-02
   8.9596306e-01   4.3367971e-01   2.4221529e-02
   8.9442518e-01   4.2783578e-01   2.2991255e-02
   8.9288729e-01   4.2199186e-01   2.1760980e-02
   8.9134941e-01   4.1614794e-01   2.0530706e-02
   8.8842745e-01   4.0968886e-01   1.9223529e-02
   8.8135325e-01   4.0138431e-01   1.7685647e-02
   8.7427906e-01   3.9307976e-01   1.6147765e-02
   8.6720486e-01   3.8477522e-01   1.4609882e-02
   8.6013067e-01   3.7647067e-01   1.3072000e-02
   8.5305647e-01   3.6816612e-01   1.1534118e-02
   8.4598227e-01   3.5986157e-01   9.9962353e-03
   8.3890808e-01   3.5155702e-01   8.4583529e-03
   8.3183388e-01   3.4325247e-01   6.9204706e-03
   8.2475969e-01   3.3494792e-01   5.3825882e-03
   8.1768549e-01   3.2664337e-01   3.8447059e-03
   8.1061129e-01   3.1833882e-01   2.3068235e-03
   8.0353710e-01   3.1003427e-01   7.6894118e-04
   7.9846212e-01   3.0326765e-01   0.0000000e+00
   7.9538635e-01   2.9803894e-01   0.0000000e+00
   7.9231059e-01   2.9281024e-01   0.0000000e+00
   7.8923482e-01   2.8758153e-01   0.0000000e+00
   7.8615906e-01   2.8235282e-01   0.0000000e+00
   7.8308329e-01   2.7712412e-01   0.0000000e+00
   7.8000753e-01   2.7189541e-01   0.0000000e+00
   7.7693176e-01   2.6666671e-01   0.0000000e+00
   7.7385600e-01   2.6143800e-01   0.0000000e+00
   7.7078024e-01   2.5620929e-01   0.0000000e+00
   7.6770447e-01   2.5098059e-01   0.0000000e+00
   7.6462871e-01   2.4575188e-01   0.0000000e+00
   7.6155294e-01   2.4052318e-01   0.0000000e+00
   7.5593971e-01   2.3575576e-01   6.9205882e-04
   7.4948065e-01   2.3114212e-01   1.6148039e-03
   7.4302159e-01   2.2652847e-01   2.5375490e-03
   7.3656253e-01   2.2191482e-01   3.4602941e-03
   7.3010347e-01   2.1730118e-01   4.3830392e-03
   7.2364441e-01   2.1268753e-01   5.3057843e-03
   7.1718535e-01   2.0807388e-01   6.2285294e-03
   7.1072629e-01   2.0346024e-01   7.1512745e-03
   7.0426724e-01   1.9884659e-01   8.0740196e-03
   6.9780818e-01   1.9423294e-01   8.9967647e-03
   6.9134912e-01   1.8961929e-01   9.9195098e-03
   6.8489006e-01   1.8500565e-01   1.0842255e-02
   6.7843100e-01   1.8039200e-01   1.1765000e-02
   6.7227955e-01   1.7577843e-01   1.2687667e-02
   6.6612810e-01   1.7116486e-01   1.3610333e-02
   6.5997665e-01   1.6655129e-01   1.4533000e-02
   6.5382520e-01   1.6193773e-01   1.5455667e-02
   6.4767375e-01   1.5732416e-01   1.6378333e-02
   6.4152229e-01   1.5271059e-01   1.7301000e-02
   6.3537084e-01   1.4809702e-01   1.8223667e-02
   6.2921939e-01   1.4348345e-01   1.9146333e-02
   6.2306794e-01   1.3886988e-01   2.0069000e-02
   6.1691649e-01   1.3425631e-01   2.0991667e-02
   6.1076504e-01   1.2964275e-01   2.1914333e-02
   6.0461359e-01   1.2502918e-01   2.2837000e-02
   5.9807767e-01   1.2026180e-01   2.3682804e-02
   5.9038833e-01   1.1503302e-01   2.4298020e-02
   5.8269900e-01   1.0980424e-01   2.4913235e-02
   5.7500967e-01   1.0457545e-01   2.5528451e-02
   5.6732033e-01   9.9346667e-02   2.6143667e-02
   5.5963100e-01   9.4117882e-02   2.6758882e-02
   5.5194167e-01   8.8889098e-02   2.7374098e-02
   5.4425233e-01   8.3660314e-02   2.7989314e-02
   5.3656300e-01   7.8431529e-02   2.8604529e-02
   5.2887367e-01   7.3202745e-02   2.9219745e-02
   5.2118433e-01   6.7973961e-02   2.9834961e-02
   5.1349500e-01   6.2745176e-02   3.0450176e-02
   5.0580567e-01   5.7516392e-02   3.1065392e-02
   4.9796253e-01   5.4286863e-02   3.2449510e-02
   4.8996559e-01   5.3056588e-02   3.4602529e-02
   4.8196865e-01   5.1826314e-02   3.6755549e-02
   4.7397171e-01   5.0596039e-02   3.8908569e-02
   4.6597476e-01   4.9365765e-02   4.1061588e-02
   4.5797782e-01   4.8135490e-02   4.3214608e-02
   4.4998088e-01   4.6905216e-02   4.5367627e-02
   4.4198394e-01   4.5674941e-02   4.7520647e-02
   4.3398700e-01   4.4444667e-02   4.9673667e-02
   4.2599006e-01   4.3214392e-02   5.1826686e-02
   4.1799312e-01   4.1984118e-02   5.3979706e-02
   4.0999618e-01   4.0753843e-02   5.6132725e-02
   4.0199924e-01   3.9523569e-02   5.8285745e-02
   3.9423300e-01   3.9677353e-02   6.0669412e-02
   3.8654367e-01   4.0292490e-02   6.3129961e-02
   3.7885433e-01   4.0907627e-02   6.5590510e-02
   3.7116500e-01   4.1522765e-02   6.8051059e-02
   3.6347567e-01   4.2137902e-02   7.0511608e-02
   3.5578633e-01   4.2753039e-02   7.2972157e-02
   3.4809700e-01   4.3368176e-02   7.5432706e-02
   3.4040767e-01   4.3983314e-02   7.7893255e-02
   3.3271833e-01   4.4598451e-02   8.0353804e-02
   3.2502900e-01   4.5213588e-02   8.2814353e-02
   3.1733967e-01   4.5828725e-02   8.5274902e-02
   3.0965033e-01   4.6443863e-02   8.7735451e-02
   3.0196100e-01   4.7059000e-02   9.0196000e-02
